0 0.037545010288065846 0.4386316872427984 0.03701131687242798 0.07519290123456794
0 0.00022505144032921814 0.4496270576131687 0.0004501028806584363 0.08338477366255148
0 0.1130465534979424 0.4401170267489712 0.03172582304526747 0.06469907407407405
0 0.0774048353909465 0.44758873456790127 0.038721707818930015 0.07174639917695479
0 0.1634002057613169 0.4385030864197531 0.04056069958847738 0.08566100823045275
0 0.5070087448559671 0.4525077160493827 0.09517746913580262 0.19409722222222214
0 0.3835841049382716 0.4760352366255144 0.10734310699588473 0.19601337448559678
0 0.26356738683127573 0.5081918724279836 0.1531378600823045 0.28522376543209876
0 0.5970743312757202 0.47981610082304527 0.10214763374485594 0.19767232510288066
0 0.6924897119341564 0.48795010288065843 0.1272890946502058 0.31087962962962973
0 0.9434220679012344 0.47555298353909464 0.1079861111111108 0.2828189300411523
0 0.8322080761316872 0.491087962962963 0.1727109053497943 0.3497427983539095