0 0.9742798353909465 0.4470486111111111 0.03935185185185159 0.078125
0 0.8987847222222223 0.4453125 0.03746141975308643 0.06770833333333333
0 0.9350887345679012 0.4557291666666667 0.044534465020576244 0.0763888888888889
0 0.8467656893004114 0.4409722222222222 0.049948559670781774 0.09027777777777778
0 0.49007201646090537 0.4357638888888889 0.11240997942386836 0.2048611111111111
0 0.6154642489711935 0.4678819444444444 0.12629886831275725 0.2048611111111111
0 0.736400462962963 0.5078125 0.1797710905349794 0.2986111111111111
0 0.39338348765432096 0.4583333333333333 0.11938014403292178 0.2065972222222222
0 0.29350565843621396 0.4618055555555556 0.15585133744855975 0.3246527777777778
0 0.050803755144032924 0.4366319444444444 0.10160751028806585 0.2934027777777778
0 0.1494855967078189 0.4565972222222222 0.2051054526748971 0.3680555555555556