0 0.0546875 0.3967013888888889 0.029513888888888888 0.0703125
0 0.0078125 0.4036458333333333 0.015625 0.0842013888888889
0 0.1284722222222222 0.4071180555555556 0.024305555555555556 0.06076388888888889
0 0.09288194444444445 0.4097222222222222 0.030381944444444444 0.06684027777777778
0 0.1779513888888889 0.4105902777777778 0.03211805555555555 0.08072916666666667
0 0.5121527777777778 0.4652777777777778 0.07291666666666667 0.1840277777777778
0 0.3888888888888889 0.4739583333333333 0.08680555555555555 0.18229166666666666
0 0.2690972222222222 0.4913194444444444 0.12152777777777778 0.265625
0 0.5980902777777778 0.5017361111111112 0.0798611111111111 0.18489583333333334
0 0.6901041666666666 0.5217013888888888 0.09288194444444445 0.2960069444444444
0 0.9487847222222222 0.5416666666666666 0.1015625 0.2699652777777778
0 0.8263888888888888 0.5407986111111112 0.1328125 0.3289930555555556