0 0.029513888888888888 0.45898276748971195 0.03819444444444445 0.0766718106995885
0 0.10677083333333333 0.459278549382716 0.03298611111111111 0.06448045267489712
0 0.07118055555555555 0.4673546810699588 0.03993055555555555 0.07321244855967082
0 0.1579861111111111 0.4571630658436214 0.043402777777777776 0.08712705761316879
0 0.5095486111111112 0.467579732510288 0.09895833333333333 0.19864969135802468
0 0.3836805555555556 0.49281764403292183 0.1111111111111111 0.19873971193415643
0 0.2621527777777778 0.5275720164609053 0.1597222222222222 0.29111368312757196
0 0.6024305555555556 0.49466949588477366 0.10590277777777778 0.20217335390946506
0 0.7005208333333334 0.501755401234568 0.13368055555555555 0.31696244855967076
0 0.9496527777777778 0.486889146090535 0.10069444444444445 0.28720421810699587
0 0.8420138888888888 0.5041795267489712 0.17881944444444445 0.3572273662551441