0 0.9619277263374486 0.37516075102880664 0.03179012345679016 0.07314814814814813
0 0.8856288580246914 0.38674768518518515 0.02825360082304525 0.06444187242798351
0 0.9229809670781894 0.3904963991769547 0.03351337448559693 0.07142489711934157
0 0.8335841049382716 0.39157021604938275 0.035352366255143944 0.08532664609053499
0 0.4850887345679012 0.4514853395061728 0.08128858024691353 0.19329989711934165
0 0.6144804526748971 0.4593878600823046 0.09516460905349788 0.19166666666666662
0 0.7404642489711935 0.4759452160493827 0.13401491769547333 0.2804912551440329
0 0.3968428497942387 0.49076003086419756 0.08824588477366252 0.1950874485596709
0 0.3006558641975309 0.5126157407407407 0.1047325102880658 0.311522633744856
0 0.04562757201646091 0.5350308641975309 0.08541666666666665 0.2818672839506174
0 0.15932998971193416 0.5341370884773663 0.14665637860082306 0.3465534979423867