1 0.8727237654320987 0.30081018518518515 0.08984053497942392 0.176003086419753
1 0.5297132201646091 0.32071116255144033 0.07925668724279847 0.15335648148148154
0 0.34900334362139923 0.3428819444444444 0.06891718106995882 0.163695987654321
0 0.15364583333333334 0.35040509259259256 0.09135802469135805 0.14650205761316867
0 0.35766460905349795 0.34542181069958855 0.07586162551440327 0.16374742798353914
0 0.39988425925925924 0.3876414609053498 0.07569444444444448 0.1411779835390947
1 0.6272698045267489 0.3920331790123457 0.08270318930041161 0.1499099794238683
1 0.2382716049382716 0.4096707818930041 0.11233281893004114 0.16575360082304533
0 0.0434863683127572 0.45711805555555546 0.08262602880658436 0.13949331275720153
1 0.60122170781893 0.5102752057613169 0.10871913580246921 0.14663065843621403
1 0.8257973251028806 0.5424639917695474 0.09165380658436224 0.18643261316872442
0 0.33138503086419757 0.6120949074074074 0.08100565843621392 0.1551054526748972
1 0.7100758744855967 0.9313207304526748 0.06512345679012338 0.12026748971193434
0 0.44909979423868307 0.18850308641975308 0.09121656378600838 0.1274048353909465
0 0.28615612139917695 0.27303883744855967 0.07928240740740744 0.15682870370370378