1 0.9172903806584363 0.2645126028806584 0.10181327160493818 0.19417438271604937
1 0.5436406893004115 0.28502443415637857 0.09101080246913579 0.16797839506172846
0 0.3479423868312757 0.30817258230452677 0.07903806584362133 0.1799511316872428
0 0.13514017489711935 0.31370241769547325 0.10306069958847737 0.16121399176954732
0 0.3565972222222222 0.31003729423868315 0.08774434156378597 0.1818158436213992
0 0.40365869341563787 0.3567515432098765 0.08735853909465024 0.15577417695473253
1 0.651003086419753 0.3638888888888889 0.09445730452674894 0.16629372427983538
1 0.22792566872427983 0.3801954732510288 0.12767489711934152 0.1824074074074075
0 0.03209876543209876 0.42933384773662553 0.06419753086419752 0.15033436213991772
1 0.6247942386831276 0.4920010288065843 0.1221579218106995 0.16149691358024695
1 0.8682420267489712 0.5277327674897119 0.10546553497942392 0.2063786008230453
0 0.33145576131687243 0.6005272633744857 0.09279835390946506 0.17147633744855956
1 0.7483410493827161 0.9415734310699588 0.07469135802469119 0.11685313786008243
0 0.45462962962962966 0.1395769032921811 0.10275205761316879 0.140380658436214
0 0.278735853909465 0.23247813786008228 0.0893518518518519 0.17316100823045272