1 0.9236175411522632 0.359252829218107 0.11774691358024666 0.19356995884773673
1 0.5682484567901235 0.3114840534979424 0.10367798353909466 0.16916152263374487
0 0.3789287551440329 0.29879758230452674 0.09332561728395067 0.1777649176954732
0 0.1764531893004115 0.2677854938271605 0.1140560699588477 0.16403034979423867
0 0.3867734053497942 0.3031957304526749 0.10201903292181067 0.179565329218107
0 0.42361754115226335 0.3555491255144033 0.09836676954732503 0.15523405349794236
1 0.6557420267489712 0.40500900205761314 0.1071244855967078 0.16571502057613172
1 0.25428240740740743 0.3456147119341564 0.13851594650205762 0.1850437242798354
0 0.05298996913580247 0.3571437757201646 0.08966049382716049 0.15169753086419757
1 0.6105902777777777 0.5201195987654321 0.13316615226337447 0.16590792181069958
1 0.8342463991769546 0.5981610082304526 0.12130915637860085 0.20574845679012357
0 0.31585005144032924 0.571752829218107 0.1054269547325103 0.1709104938271605
1 0.6511445473251029 0.9536201131687242 0.08405349794238681 0.09275977366255164
0 0.5072337962962963 0.15999871399176954 0.1121784979423867 0.14492026748971196
0 0.32622813786008226 0.2150784465020576 0.10370370370370373 0.17263374485596708