1 0.16433256172839505 0.2549832818930041 0.11559927983539096 0.1874356995884773
1 0.5004436728395062 0.33025977366255144 0.10308641975308636 0.16295010288065845
0 0.6756430041152264 0.3814557613168724 0.09453446502057616 0.1715020576131686
0 0.8680234053497943 0.42075617283950617 0.11342592592592579 0.15789609053497936
0 0.6661072530864198 0.38218235596707817 0.10150462962962968 0.17334104938271602
0 0.6180234053497942 0.41705246913580246 0.09767232510288062 0.14898405349794233
1 0.3936406893004115 0.3850887345679012 0.1065329218106996 0.16126543209876537
1 0.7749421296296296 0.4645061728395061 0.13804012345679023 0.17908950617283953
0 0.953877314814815 0.5418595679012346 0.09224537037037016 0.15077160493827158
1 0.4014789094650206 0.504102366255144 0.12910236625514404 0.16159979423868304
1 0.1757716049382716 0.49989068930041153 0.12096193415637864 0.1979295267489712
0 0.6535493827160495 0.6475630144032922 0.10484825102880653 0.16471193415637864
1 0.23203446502057615 0.8999421296296296 0.08526234567901231 0.1314429012345677
0 0.6002572016460905 0.2137088477366255 0.10969650205761322 0.1404835390946502
0 0.7476851851851852 0.32350823045267485 0.10140174897119339 0.16639660493827158