1 0.12586805555555555 0.3159722222222222 0.08333333333333333 0.17274305555555555
1 0.4652777777777778 0.3272569444444444 0.07465277777777778 0.14930555555555555
0 0.6440972222222222 0.3446180555555556 0.06336805555555555 0.1605902777777778
0 0.8368055555555556 0.3472222222222222 0.0859375 0.1423611111111111
0 0.6354166666666666 0.3472222222222222 0.07118055555555555 0.1605902777777778
0 0.59375 0.390625 0.0720486111111111 0.1371527777777778
1 0.3697916666666667 0.4010416666666667 0.07899305555555555 0.1467013888888889
1 0.7534722222222222 0.4079861111111111 0.1076388888888889 0.1605902777777778
0 0.9470486111111112 0.4505208333333333 0.078125 0.1362847222222222
1 0.3958333333333333 0.5164930555555556 0.1032986111111111 0.1423611111111111
1 0.1753472222222222 0.5538194444444444 0.0859375 0.18229166666666666
0 0.6640625 0.6102430555555556 0.0763888888888889 0.1519097222222222
1 0.2934027777777778 0.9383680555555556 0.06163194444444445 0.1232638888888889
0 0.5434027777777778 0.19444444444444445 0.0876736111111111 0.12413194444444445
0 0.7048611111111112 0.2743055555555556 0.07378472222222222 0.1527777777777778