1 0.249048353909465 0.3439300411522634 0.49809670781893 0.6878600823045268
1 0.8829925411522634 0.15455889917695476 0.23126286008230462 0.28638117283950615
1 0.5440586419753086 0.21376671810699588 0.12283950617283937 0.41323302469135803
1 0.47573302469135803 0.7153034979423869 0.049099794238683124 0.06669238683127571
1 0.4427726337448559 0.7182870370370371 0.08562242798353914 0.07591306584362141
1 0.3994212962962963 0.7245884773662551 0.09265689300411514 0.0881687242798353
1 0.356983024691358 0.7369791666666666 0.0841563786008231 0.11234567901234567
1 0.24417438271604938 0.7405156893004116 0.09810956790123458 0.12123199588477362
1 0.16795267489711932 0.7619534465020575 0.0930555555555556 0.14198816872427975
1 0.022337962962962962 0.789306841563786 0.025192901234567897 0.1201517489711935
1 0.04041923868312757 0.7696116255144033 0.06342592592592594 0.12592592592592589