1 0.008391203703703705 0.1952610596707819 0.016036522633744856 0.29003343621399175
1 0.9083204732510287 0.15560699588477364 0.10537551440329196 0.16396604938271608
1 0.9399498456790122 0.0893968621399177 0.052854938271604764 0.10455246913580246
1 0.8009194958847736 0.1885223765432099 0.13320473251028808 0.17111625514403292
1 0.699363425925926 0.19014274691358024 0.12979681069958854 0.17977109053497944
1 0.5814236111111111 0.20664223251028804 0.1402520576131686 0.18505658436213995
1 0.6477816358024692 0.02644675925925926 0.10806327160493841 0.05289351851851852
1 0.7978716563786008 0.014609053497942386 0.10963220164609054 0.02921810699588477
1 0.3190200617283951 0.7606995884773663 0.30766460905349796 0.28698559670781876
1 0.7903227880658437 0.8952096193415637 0.41935442386831273 0.18717849794238678
1 0.6702031893004116 0.824074074074074 0.2177083333333335 0.3297196502057614