1 0.18724922839506172 0.3177083333333333 0.1965020576131687 0.2777777777777778
1 0.3583397633744856 0.3289930555555556 0.150977366255144 0.22569444444444445
1 0.48626543209876544 0.3723958333333333 0.16556069958847727 0.3194444444444444
1 0.7729102366255144 0.2803819444444444 0.2251929012345679 0.4010416666666667
1 0.49670138888888893 0.84375 0.23321759259259245 0.3125
1 0.4108796296296296 0.859375 0.23819444444444443 0.28125
1 0.2962705761316873 0.8559027777777778 0.2417181069958848 0.2881944444444444
1 0.1702289094650206 0.8324652777777778 0.257690329218107 0.3350694444444444
1 0.09492026748971193 0.8611111111111112 0.14094650205761317 0.2777777777777778
1 0.05154320987654321 0.8645833333333334 0.05756172839506172 0.2708333333333333
1 0.8431455761316873 0.8793402777777778 0.3137088477366255 0.21006944444444445