1 0.7652327674897119 0.2986111111111111 0.18076131687242794 0.2621527777777778
1 0.6031571502057614 0.3324652777777778 0.13873456790123445 0.21354166666666666
1 0.4872749485596708 0.3914930555555556 0.14981995884773663 0.3038194444444444
1 0.1995756172839506 0.3411458333333333 0.20595421810699588 0.3819444444444444
1 0.5488104423868312 0.8472222222222222 0.2158050411522634 0.3055555555555556
1 0.633082561728395 0.8567708333333334 0.2208590534979425 0.2847222222222222
1 0.7423546810699588 0.8428819444444444 0.22444701646090534 0.3003472222222222
1 0.8601530349794237 0.8081597222222222 0.23702417695473266 0.3576388888888889
1 0.9365162037037038 0.8263888888888888 0.12696759259259238 0.3090277777777778
1 0.9773083847736626 0.8229166666666666 0.045383230452674894 0.3055555555555556
1 0.19688786008230455 0.9157986111111112 0.3467335390946502 0.1684027777777778