1 0.502539866255144 0.12586805555555555 0.06436471193415648 0.2517361111111111
1 0.5719071502057613 0.1362847222222222 0.16521347736625516 0.2725694444444444
1 0.6900784465020576 0.12065972222222222 0.16495627572016464 0.2378472222222222
1 0.7879115226337449 0.15538194444444445 0.17933384773662553 0.3038194444444444
1 0.8848122427983538 0.3159722222222222 0.23029835390946513 0.6215277777777778
1 0.9691550925925926 0.1796875 0.06158693415637847 0.3454861111111111
1 0.5671103395061728 0.6666666666666666 0.14129372427983533 0.09027777777777778
1 0.7694122942386831 0.6605902777777778 0.13073559670781876 0.07118055555555555
1 0.9169753086419754 0.6614583333333334 0.09251543209876524 0.06770833333333333
1 0.9575167181069959 0.6961805555555556 0.07044753086419754 0.13541666666666666
1 0.22863297325102883 0.8064236111111112 0.45726594650205765 0.3871527777777778