1 0.9409722222222222 0.23958333333333334 0.11284722222222222 0.4782986111111111
1 0.8984375 0.21354166666666666 0.19618055555555555 0.4270833333333333
1 0.8185763888888888 0.203125 0.2526041666666667 0.40625
1 0.6970486111111112 0.19270833333333334 0.2647569444444444 0.3845486111111111
1 0.5989583333333334 0.18663194444444445 0.20225694444444445 0.3723958333333333
1 0.5243055555555556 0.1814236111111111 0.1875 0.3628472222222222
1 0.4392361111111111 0.17274305555555555 0.17708333333333334 0.3454861111111111
1 0.3993055555555556 0.15538194444444445 0.10069444444444445 0.3098958333333333
1 0.3715277777777778 0.15711805555555555 0.04861111111111111 0.3142361111111111
1 0.17274305555555555 0.5998263888888888 0.15885416666666666 0.12239583333333333
1 0.8559027777777778 0.7803819444444444 0.2838541666666667 0.3289930555555556
1 0.5755208333333334 0.8272569444444444 0.3342013888888889 0.3411458333333333