1 0.24305555555555555 0.3333333333333333 0.4852430555555556 0.6657986111111112
1 0.8819444444444444 0.14583333333333334 0.2309027777777778 0.2907986111111111
1 0.5434027777777778 0.20572916666666666 0.11024305555555555 0.4114583333333333
1 0.4626736111111111 0.7005208333333334 0.04600694444444445 0.06510416666666667
1 0.4305555555555556 0.7039930555555556 0.08159722222222222 0.0720486111111111
1 0.3880208333333333 0.7100694444444444 0.08854166666666667 0.0842013888888889
1 0.3446180555555556 0.7222222222222222 0.07899305555555555 0.10850694444444445
1 0.234375 0.7256944444444444 0.09375 0.1154513888888889
1 0.1597222222222222 0.7465277777777778 0.08854166666666667 0.1371527777777778
1 0.013020833333333334 0.7725694444444444 0.026041666666666668 0.11805555555555555
1 0.03211805555555555 0.7543402777777778 0.0642361111111111 0.11979166666666667