1 0.5112847222222222 0.12235725308641975 0.0642361111111111 0.2447145061728395
1 0.4418402777777778 0.13148148148148148 0.16493055555555555 0.26296296296296295
1 0.3289930555555556 0.11280221193415636 0.16493055555555555 0.22560442386831273
1 0.2309027777777778 0.14356995884773663 0.17708333333333334 0.28713991769547326
1 0.12152777777777778 0.2977430555555556 0.24305555555555555 0.5954861111111112
1 0.04513888888888889 0.16057098765432098 0.0798611111111111 0.32114197530864197
1 0.4175347222222222 0.6462127057613168 0.1388888888888889 0.09130658436213995
1 0.22135416666666666 0.6303047839506173 0.1284722222222222 0.07213220164609051
1 0.07725694444444445 0.6252957818930042 0.09027777777777778 0.06837705761316887
1 0.034722222222222224 0.6559927983539094 0.06944444444444445 0.13245884773662553
1 0.7543402777777778 0.7982317386831276 0.484375 0.395949074074074