1 0.6241319444444444 0.3472222222222222 0.2951388888888889 0.3159722222222222
1 0.019097222222222224 0.3376736111111111 0.036458333333333336 0.2569444444444444
1 0.2777777777777778 0.3967013888888889 0.11979166666666667 0.171875
1 0.1953125 0.3654513888888889 0.11284722222222222 0.18229166666666666
1 0.390625 0.3932291666666667 0.11979166666666667 0.16319444444444445
1 0.3480902777777778 0.3611111111111111 0.0625 0.10416666666666667
1 0.7986111111111112 0.75 0.4027777777777778 0.5
1 0.0763888888888889 0.6701388888888888 0.1527777777777778 0.4027777777777778
1 0.13975694444444445 0.6788194444444444 0.2795138888888889 0.4201388888888889
1 0.3411458333333333 0.7447916666666666 0.21180555555555555 0.4131944444444444
1 0.4140625 0.7829861111111112 0.05555555555555555 0.2986111111111111