1 0.23350694444444445 0.3098958333333333 0.16319444444444445 0.25
1 0.3940972222222222 0.3350694444444444 0.125 0.20399305555555555
1 0.5121527777777778 0.3871527777777778 0.13020833333333334 0.2934027777777778
1 0.7916666666666666 0.3229166666666667 0.18055555555555555 0.3680555555555556
1 0.4791666666666667 0.8463541666666666 0.19444444444444445 0.3029513888888889
1 0.3967013888888889 0.8585069444444444 0.20225694444444445 0.2786458333333333
1 0.2873263888888889 0.8498263888888888 0.20399305555555555 0.2960069444444444
1 0.16927083333333334 0.8220486111111112 0.21354166666666666 0.3506944444444444
1 0.07465277777777778 0.84375 0.14930555555555555 0.3072916666666667
1 0.033854166666666664 0.84375 0.06770833333333333 0.3072916666666667
1 0.8307291666666666 0.90625 0.3342013888888889 0.18229166666666666