1 0.020833333333333332 0.27762345679012346 0.041666666666666664 0.30933641975308646
1 0.3064236111111111 0.43696630658436214 0.1840277777777778 0.09684927983539095
1 0.9348958333333334 0.3967206790123457 0.11458333333333333 0.05293209876543208
1 0.9392361111111112 0.28904963991769544 0.10069444444444445 0.1674125514403292
1 0.9444444444444444 0.09803883744855967 0.05555555555555555 0.1340920781893004
1 0.8159722222222222 0.3168724279835391 0.11458333333333333 0.17445987654320996
1 0.8680555555555556 0.25485468106995884 0.08680555555555555 0.11001800411522636
1 0.6961805555555556 0.3299125514403292 0.14756944444444445 0.18512088477366254
1 0.5876736111111112 0.31422325102880655 0.1423611111111111 0.19202674897119346
1 0.4635416666666667 0.30733024691358024 0.15625 0.19386574074074078
1 0.5347222222222222 0.08071630658436214 0.125 0.1614326131687243
1 0.6953125 0.08686342592592593 0.1267361111111111 0.15024434156378602
1 0.6510416666666666 0.5602816358024691 0.18055555555555555 0.2409207818930042
1 0.8324652777777778 0.5381044238683127 0.17708333333333334 0.23047839506172826
1 0.9184027777777778 0.5921553497942387 0.16319444444444445 0.3553755144032922