1 0.039904835390946504 0.34781378600823043 0.07685185185185185 0.2974279835390947
1 0.3237525720164609 0.462037037037037 0.17785493827160495 0.10547839506172846
1 0.9011766975308642 0.3631365740740741 0.10981224279835386 0.059837962962963016
1 0.9021604938271606 0.26156121399176957 0.12448559670781892 0.16584362139917688
1 0.8930234053497943 0.08279963991769548 0.09647633744855948 0.13438786008230452
1 0.7817836934156379 0.30064943415637857 0.12277520576131688 0.16930298353909468
1 0.824729938271605 0.23869598765432098 0.08933899176954717 0.10829475308641978
1 0.6734503600823045 0.32489068930041154 0.15411522633744845 0.1816872427983539
1 0.5718557098765432 0.32130272633744855 0.15069444444444435 0.1886059670781893
1 0.4555748456790124 0.3273726851851852 0.16287294238683123 0.19216820987654318
1 0.49821244855967084 0.10655864197530864 0.1314171810699588 0.16415895061728394
1 0.6466113683127571 0.10025077160493828 0.13131430041152273 0.15027006172839508
1 0.6559670781893003 0.5429140946502058 0.1892361111111111 0.2357638888888888
1 0.8206211419753086 0.5043659979423869 0.1856995884773662 0.2270576131687242
1 0.9076388888888888 0.5418981481481482 0.18472222222222237 0.3486111111111112