1 0.9680812757201644 0.16951517489711937 0.06363168724279847 0.3112011316872428
1 0.05748456790123457 0.2218042695473251 0.09254115226337449 0.15344650205761315
1 0.022820216049382714 0.1590406378600823 0.0413966049382716 0.09925411522633744
1 0.16393389917695472 0.24429655349794238 0.1186599794238683 0.1588477366255144
1 0.26299511316872426 0.23808513374485596 0.11355452674897117 0.16575360082304533
1 0.3792502572016461 0.24328703703703702 0.12404835390946506 0.17103909465020578
1 0.29791666666666666 0.049086934156378596 0.10208333333333336 0.09449588477366255
1 0.15302854938271604 0.042804783950617285 0.10366512345679012 0.08409207818930041
1 0.6771926440329218 0.7594393004115226 0.27982253086419756 0.25725308641975314
1 0.21412037037037035 0.9296875 0.4282407407407407 0.140625
1 0.3398791152263374 0.8490579989711934 0.18676697530864197 0.3018840020576133