1 0.3654513888888889 0.36815843621399175 0.296875 0.31990740740740736
1 0.9774305555555556 0.4273791152263374 0.04513888888888889 0.26075102880658435
1 0.7065972222222222 0.4566229423868313 0.12152777777777778 0.1727752057613168
1 0.7934027777777778 0.4355645576131687 0.11458333333333333 0.1831404320987654
1 0.5946180555555556 0.4410365226337449 0.12152777777777778 0.16583076131687247
1 0.640625 0.41186342592592595 0.0625 0.10636574074074072
1 0.1753472222222222 0.7469585905349795 0.3506944444444444 0.49391718106995897
1 0.9001736111111112 0.7540637860082305 0.19444444444444445 0.40769032921810694
1 0.8255208333333334 0.7543788580246914 0.2986111111111111 0.4258230452674895
1 0.6076388888888888 0.7943930041152263 0.21180555555555555 0.4112139917695473
1 0.5303819444444444 0.8268454218106996 0.05555555555555555 0.300758744855967