1 0.08550668724279836 0.058796296296296284 0.05120884773662551 0.11669238683127572
1 0.4096900720164609 0.3589570473251029 0.3306841563786009 0.3479166666666667
1 0.7360082304526748 0.4881172839506173 0.14023919753086428 0.18332047325102885
1 0.8237718621399177 0.47661394032921817 0.13509516460905344 0.1919624485596708
1 0.6277199074074074 0.45779963991769546 0.13845164609053504 0.17636316872427985
1 0.6756237139917696 0.43645190329218103 0.0737268518518519 0.10991512345679016
1 0.18760931069958847 0.7071309156378601 0.37521862139917694 0.535789609053498
1 0.8751993312757202 0.7962705761316873 0.2166023662551441 0.4074588477366255
1 0.8127764917695474 0.7853909465020575 0.34175668724279834 0.4292181069958849
1 0.5930684156378602 0.7968814300411523 0.2599794238683128 0.40623713991769544
1 0.5138310185185185 0.8319765946502058 0.09248971193415656 0.29927983539094666