1 0.2526041666666667 0.06770833333333333 0.11024305555555555 0.1345486111111111
1 0.4157986111111111 0.05381944444444445 0.11284722222222222 0.1076388888888889
1 0.5017361111111112 0.10416666666666667 0.08680555555555555 0.20833333333333334
1 0.9895833333333334 0.234375 0.016493055555555556 0.12760416666666666
1 0.9539930555555556 0.23524305555555555 0.05295138888888889 0.1154513888888889
1 0.9114583333333334 0.23524305555555555 0.05295138888888889 0.125
1 0.8628472222222222 0.24479166666666666 0.043402777777777776 0.1345486111111111
1 0.7526041666666666 0.23524305555555555 0.0625 0.11979166666666667
1 0.6727430555555556 0.24739583333333334 0.057291666666666664 0.125
1 0.5564236111111112 0.22916666666666666 0.016493055555555556 0.11284722222222222
1 0.4253472222222222 0.7126736111111112 0.20225694444444445 0.5460069444444444