1 0.044270833333333336 0.2708333333333333 0.08854166666666667 0.2760416666666667
1 0.3255208333333333 0.4401041666666667 0.16145833333333334 0.0720486111111111
1 0.8940972222222222 0.4565972222222222 0.10069444444444445 0.03819444444444445
1 0.9149305555555556 0.3602430555555556 0.09375 0.1440972222222222
1 0.9496527777777778 0.18836805555555555 0.08680555555555555 0.11805555555555555
1 0.7934027777777778 0.375 0.09114583333333333 0.14930555555555555
1 0.8446180555555556 0.3229166666666667 0.06944444444444445 0.09375
1 0.6848958333333334 0.3758680555555556 0.11979166666666667 0.15625
1 0.5885416666666666 0.3532986111111111 0.1154513888888889 0.16319444444444445
1 0.4774305555555556 0.3368055555555556 0.12760416666666666 0.16319444444444445
1 0.5598958333333334 0.13541666666666666 0.10069444444444445 0.14149305555555555
1 0.703125 0.15711805555555555 0.1032986111111111 0.12760416666666666
1 0.6258680555555556 0.5807291666666666 0.1467013888888889 0.20399305555555555
1 0.7907986111111112 0.5755208333333334 0.1440972222222222 0.19444444444444445
1 0.9010416666666666 0.6336805555555556 0.19270833333333334 0.3098958333333333