1 0.043891460905349795 0.1501736111111111 0.06442901234567901 0.13020833333333334
1 0.39638631687242804 0.3888888888888889 0.2680812757201646 0.2829861111111111
1 0.9649755658436214 0.4279513888888889 0.07004886831275708 0.234375
1 0.7073495370370371 0.4609375 0.1081661522633745 0.1527777777777778
1 0.7842849794238683 0.4392361111111111 0.10311213991769543 0.16319444444444445
1 0.6056069958847736 0.4487847222222222 0.10806327160493841 0.14583333333333334
1 0.646019804526749 0.4227430555555556 0.055208333333333255 0.09375
1 0.20041152263374484 0.7543402777777778 0.38559670781893 0.4809027777777778
1 0.9007137345679013 0.7248263888888888 0.19857253086419746 0.3663194444444444
1 0.8224086934156378 0.7274305555555556 0.26773405349794227 0.3767361111111111
1 0.6268582818930041 0.7699652777777778 0.19126800411522638 0.3715277777777778
1 0.5587191358024691 0.7994791666666666 0.04915123456790127 0.2708333333333333