1 0.4887152777777778 0.12427983539094652 0.08506944444444445 0.24194958847736625
1 0.4166666666666667 0.1385030864197531 0.1909722222222222 0.27224794238683125
1 0.296875 0.13240740740740742 0.1857638888888889 0.23922325102880654
1 0.1987847222222222 0.17508359053497943 0.2065972222222222 0.30708590534979424
1 0.12760416666666666 0.34990354938271606 0.2552083333333333 0.6407793209876543
1 0.030381944444444444 0.21637088477366256 0.06076388888888889 0.33899176954732513
1 0.4670138888888889 0.672730195473251 0.1527777777777778 0.10703446502057624
1 0.2586805555555556 0.68247170781893 0.1388888888888889 0.0843621399176955
1 0.10677083333333333 0.6969714506172839 0.10069444444444445 0.07713477366255145
1 0.0625 0.7357060185185185 0.09375 0.14479166666666662
1 0.7873263888888888 0.7836098251028807 0.4253472222222222 0.4267618312757201