1 0.2033179012345679 0.3270447530864197 0.21743827160493825 0.29326131687242796
1 0.37867155349794235 0.32747556584362136 0.16841563786008232 0.23734567901234568
1 0.5120949074074075 0.3631880144032922 0.18822016460905347 0.3329732510288066
1 0.7976658950617284 0.25071373456790125 0.2565843621399178 0.42201646090534983
1 0.5476208847736626 0.8383873456790123 0.2558899176954732 0.32322530864197535
1 0.46240354938271605 0.8580311213991769 0.25906635802469147 0.28393775720164605
1 0.3452160493827161 0.8575874485596707 0.2642746913580247 0.28482510288065854
1 0.21516203703703704 0.8362332818930042 0.28541666666666665 0.32753343621399167
1 0.12550154320987655 0.869920267489712 0.1963734567901234 0.26015946502057613
1 0.08204732510288065 0.8768647119341564 0.10946502057613168 0.24627057613168724
1 0.8661008230452675 0.8562885802469136 0.2568672839506172 0.2258487654320987