1 0.9097222222222222 0.12739840534979424 0.1076388888888889 0.24211676954732508
1 0.005208333333333333 0.43059413580246914 0.010416666666666666 0.1493827160493827
1 0.043402777777777776 0.3006687242798354 0.08680555555555555 0.16036522633744857
1 0.140625 0.3048611111111111 0.13541666666666666 0.17114197530864197
1 0.2361111111111111 0.28126286008230456 0.13194444444444445 0.17632458847736623
1 0.3489583333333333 0.2673418209876543 0.1423611111111111 0.1833461934156379
1 0.234375 0.08854166666666667 0.1111111111111111 0.11540637860082306
1 0.09114583333333333 0.10570987654320989 0.11458333333333333 0.10675154320987655
1 0.7335069444444444 0.7163708847736625 0.3038194444444444 0.2869727366255144
1 0.3046875 0.9317001028806584 0.4600694444444444 0.1365997942386833
1 0.4227430555555556 0.8509837962962963 0.2204861111111111 0.29803240740740755