1 0.7868055555555556 0.3634259259259259 0.21959876543209866 0.2948559670781893
1 0.6114454732510288 0.36515560699588473 0.17016460905349795 0.23858024691358024
1 0.47829218106995885 0.4027263374485596 0.19067644032921807 0.334349279835391
1 0.1918724279835391 0.29236111111111107 0.25969650205761313 0.4238940329218107
1 0.44853395061728396 0.8555234053497942 0.2506172839506174 0.2796939300411524
1 0.533886316872428 0.8733603395061729 0.2535236625514404 0.2415509259259261
1 0.6510866769547325 0.8724922839506173 0.25870627572016464 0.2398919753086418
1 0.7801311728395062 0.850610853909465 0.27839506172839495 0.28010545267489717
1 0.8726337448559671 0.8822337962962963 0.19408436213991762 0.2128986625514404
1 0.9178755144032922 0.8885095164609054 0.10707304526748966 0.1977237654320988
1 0.13275462962962964 0.8732253086419752 0.2421039094650206 0.17368827160493833