1 0.7317708333333334 0.39799382716049386 0.5364583333333334 0.7718364197530865
1 0.15625 0.12210648148148147 0.2326388888888889 0.24302983539094652
1 0.4791666666666667 0.2154320987654321 0.1840277777777778 0.4193930041152264
1 0.4826388888888889 0.7380529835390947 0.059027777777777776 0.07726337448559661
1 0.5173611111111112 0.7481159979423868 0.09895833333333333 0.09174382716049381
1 0.5616319444444444 0.7626607510288065 0.109375 0.10752314814814826
1 0.6059027777777778 0.7824138374485597 0.10243055555555555 0.1299897119341564
1 0.7239583333333334 0.8076003086419754 0.11979166666666667 0.14066358024691342
1 0.7994791666666666 0.8425733024691359 0.11805555555555555 0.16320730452674898
1 0.9418402777777778 0.895897633744856 0.026041666666666668 0.12712191358024683
1 0.9244791666666666 0.8739390432098766 0.06770833333333333 0.13641975308641976