1 0.9542181069958846 0.28487654320987654 0.08750000000000016 0.2818672839506173
1 0.6704861111111112 0.4503279320987655 0.16432613168724292 0.07759773662551438
1 0.09574331275720166 0.452147633744856 0.10304783950617284 0.04242541152263376
1 0.07894161522633744 0.3556584362139918 0.09940843621399176 0.14828960905349792
1 0.048540380658436216 0.1809349279835391 0.09205246913580246 0.120460390946502
1 0.2011059670781893 0.3721900720164609 0.09772376543209876 0.1517489711934156
1 0.15067515432098766 0.3188593106995885 0.07259516460905349 0.09601337448559673
1 0.3095614711934156 0.37646604938271605 0.12736625514403294 0.1606481481481481
1 0.40797325102880655 0.3554912551440329 0.12226080246913579 0.16755401234567893
1 0.5210390946502057 0.3415702160493827 0.13441358024691358 0.16764403292181068
1 0.4433320473251029 0.13697916666666668 0.10632716049382711 0.14660493827160495
1 0.298951903292181 0.15500900205761317 0.10783179012345674 0.13099279835390945
1 0.36205632716049385 0.5834747942386831 0.1558641975308642 0.2094650205761318
1 0.1963605967078189 0.5753022119341564 0.15223765432098763 0.19902263374485607
1 0.09286908436213992 0.630054012345679 0.18573816872427984 0.31913580246913575