1 0.0720486111111111 0.22481995884773662 0.1440972222222222 0.44963991769547323
1 0.11568930041152263 0.20223765432098767 0.22695473251028808 0.40447530864197534
1 0.19560185185185186 0.19510673868312758 0.2858796296296296 0.39021347736625517
1 0.31891075102880656 0.18859310699588477 0.29620627572016467 0.37718621399176955
1 0.4187628600823045 0.18463220164609054 0.2319187242798354 0.3692644032921811
1 0.49430298353909463 0.18171939300411522 0.2162551440329218 0.36343878600823043
1 0.5794110082304527 0.17617669753086418 0.2057613168724279 0.35235339506172836
1 0.6220614711934156 0.1577096193415638 0.1255915637860083 0.3151491769547325
1 0.6489454732510287 0.16098251028806587 0.0717849794238682 0.3164866255144033
1 0.8148276748971194 0.6171939300411523 0.16940586419753087 0.13666409465020576
1 0.13413065843621397 0.7559349279835391 0.26826131687242794 0.3527134773662552
1 0.3914930555555556 0.8173675411522634 0.3637731481481481 0.3620498971193413