1 0.9602880658436214 0.3220486111111111 0.07692901234567905 0.3072916666666667
1 0.6631430041152263 0.4756944444444444 0.1829989711934156 0.0954861111111111
1 0.053247170781893 0.4288194444444444 0.10628858024691358 0.052083333333333336
1 0.05141460905349794 0.3246527777777778 0.0932227366255144 0.16319444444444445
1 0.05193544238683127 0.1371527777777778 0.04783950617283951 0.13020833333333334
1 0.16752829218106996 0.3524305555555556 0.11584362139917698 0.1701388888888889
1 0.11850565843621398 0.2907986111111111 0.08587962962962964 0.109375
1 0.28375128600823046 0.3654513888888889 0.14891975308641975 0.18229166666666666
1 0.38975051440329217 0.3524305555555556 0.14376286008230446 0.1892361111111111
1 0.5121849279835391 0.3472222222222222 0.15766460905349788 0.1909722222222222
1 0.44702289094650205 0.12065972222222222 0.12622170781893002 0.16493055555555555
1 0.2898405349794239 0.1293402777777778 0.12610596707818938 0.14930555555555555
1 0.32199074074074074 0.59375 0.1823045267489712 0.2361111111111111
1 0.1450874485596708 0.5694444444444444 0.17875514403292186 0.22569444444444445
1 0.07126414609053498 0.6206597222222222 0.14252829218106997 0.3489583333333333