1 0.007130915637860082 0.408056841563786 0.014261831275720165 0.16333590534979425
1 0.05245627572016461 0.2694958847736626 0.10491255144032922 0.1709362139917696
1 0.015348508230452675 0.21019161522633745 0.03069701646090535 0.11135545267489712
1 0.16689171810699588 0.2790444958847737 0.14153806584362139 0.1798482510288066
1 0.27048611111111115 0.2598443930041152 0.1364326131687243 0.18675411522633745
1 0.3956404320987654 0.25035365226337447 0.14695216049382717 0.19377572016460912
1 0.2855581275720165 0.0628858024691358 0.11594650205761317 0.09286265432098767
1 0.128247170781893 0.07474279835390946 0.11757973251028808 0.08593106995884774
1 0.7787680041152263 0.7593235596707818 0.3221064814814814 0.2992283950617285
1 0.2949331275720165 0.9516268004115227 0.4910236625514403 0.09674639917695455
1 0.42905735596707817 0.8640817901234568 0.2210776748971194 0.2718364197530864