1 0.11433899176954733 0.20128600823045267 0.20090020576131687 0.40257201646090535
1 0.16109182098765432 0.18472865226337448 0.27704475308641974 0.36945730452674896
1 0.24007844650205762 0.18347479423868313 0.33085133744855966 0.36694958847736625
1 0.36422968106995884 0.18519161522633742 0.33957047325102885 0.37038323045267485
1 0.46231995884773663 0.18422710905349796 0.27533436213991774 0.3684542181069959
1 0.53872170781893 0.18533307613168726 0.2579989711934157 0.3706661522633745
1 0.6237975823045268 0.18378986625514404 0.2458076131687243 0.3675797325102881
1 0.6679976851851852 0.16981095679012345 0.16210133744855978 0.32354681069958846
1 0.6940972222222221 0.17723765432098765 0.10997942386831265 0.3175668724279836
1 0.8113361625514403 0.6512474279835391 0.18168724279835402 0.1554526748971195
1 0.13720421810699587 0.7081147119341564 0.2667181069958848 0.3858539094650205
1 0.36619727366255145 0.7984825102880659 0.4004758230452674 0.3982510288065843