1 0.4991319444444444 0.1284722222222222 0.05555555555555555 0.2569444444444444
1 0.4314236111111111 0.1371527777777778 0.15104166666666666 0.2743055555555556
1 0.3203125 0.11979166666666667 0.15104166666666666 0.23958333333333334
1 0.22569444444444445 0.15711805555555555 0.16319444444444445 0.2907986111111111
1 0.125 0.3090277777777778 0.21614583333333334 0.59375
1 0.03993055555555555 0.1753472222222222 0.07899305555555555 0.3368055555555556
1 0.4244791666666667 0.6501736111111112 0.13194444444444445 0.0842013888888889
1 0.23177083333333334 0.640625 0.12239583333333333 0.06510416666666667
1 0.09114583333333333 0.6397569444444444 0.08680555555555555 0.0625
1 0.041666666666666664 0.6710069444444444 0.08333333333333333 0.1267361111111111
1 0.7630208333333334 0.8029513888888888 0.46875 0.3897569444444444