1 0.0546875 0.24484953703703705 0.109375 0.4790509259259259
1 0.09635416666666667 0.21732253086419753 0.19270833333333334 0.42993827160493825
1 0.17100694444444445 0.20457818930041152 0.265625 0.40915637860082305
1 0.2951388888888889 0.19111689814814814 0.2777777777777778 0.3822337962962963
1 0.3967013888888889 0.18274819958847735 0.21354166666666666 0.3654963991769547
1 0.4722222222222222 0.17692258230452673 0.19791666666666666 0.35384516460905346
1 0.5572916666666666 0.16670524691358024 0.1875 0.3334104938271605
1 0.5998263888888888 0.14700360082304526 0.109375 0.2940072016460905
1 0.6276041666666666 0.14746013374485598 0.05381944444444445 0.29492026748971195
1 0.8394097222222222 0.5813143004115227 0.16493055555555555 0.13091563786008228
1 0.1467013888888889 0.7886252572016461 0.2881944444444444 0.3462834362139916
1 0.4305555555555556 0.8217463991769547 0.3472222222222222 0.34889403292181065