1 0.9657536008230453 0.3207240226337449 0.06849279835390949 0.48540380658436216
1 0.9239969135802468 0.2862525720164609 0.15200617283950635 0.443235596707819
1 0.8683127572016461 0.2654642489711934 0.2633744855967078 0.43967335390946505
1 0.7732831790123457 0.23536522633744855 0.3429269547325102 0.41818415637860085
1 0.6687950102880659 0.21212062757201647 0.27314814814814803 0.3945859053497942
1 0.5878472222222223 0.19616769547325102 0.25555555555555565 0.3787037037037037
1 0.4999421296296297 0.17924382716049383 0.24293981481481491 0.3472736625514403
1 0.4570344650205761 0.1534400720164609 0.1536522633744855 0.29561471193415634
1 0.4292309670781893 0.15129243827160493 0.0980452674897119 0.29131944444444446
1 0.15763888888888888 0.5647119341563785 0.19155092592592593 0.15905349794238688
1 0.8395511831275719 0.8348765432098766 0.30538837448559675 0.3302469135802468
1 0.5617605452674898 0.831565072016461 0.4095807613168725 0.336869855967078