1 0.03125 0.15538194444444445 0.0625 0.3098958333333333
1 0.984375 0.3524305555555556 0.026041666666666668 0.1467013888888889
1 0.9192708333333334 0.23177083333333334 0.0842013888888889 0.1467013888888889
1 0.9678819444444444 0.17274305555555555 0.059895833333333336 0.09635416666666667
1 0.8151041666666666 0.2508680555555556 0.11024305555555555 0.15104166666666666
1 0.71875 0.24305555555555555 0.10590277777777778 0.15885416666666666
1 0.6059027777777778 0.24479166666666666 0.1154513888888889 0.16319444444444445
1 0.6901041666666666 0.052083333333333336 0.09635416666666667 0.1032986111111111
1 0.8324652777777778 0.04774305555555555 0.09895833333333333 0.0954861111111111
1 0.3003472222222222 0.7395833333333334 0.2647569444444444 0.24305555555555555
1 0.7569444444444444 0.9253472222222222 0.4375 0.1440972222222222
1 0.625 0.84375 0.17274305555555555 0.3072916666666667