1 0.03125 0.16666666666666666 0.0625 0.12760416666666666
1 0.3880208333333333 0.390625 0.2526041666666667 0.2717013888888889
1 0.9600694444444444 0.4114583333333333 0.07465277777777778 0.2309027777777778
1 0.6970486111111112 0.4522569444444444 0.10069444444444445 0.14930555555555555
1 0.7725694444444444 0.4279513888888889 0.09375 0.15885416666666666
1 0.5963541666666666 0.4435763888888889 0.10069444444444445 0.14149305555555555
1 0.6354166666666666 0.4157986111111111 0.050347222222222224 0.09114583333333333
1 0.1909722222222222 0.7630208333333334 0.3819444444444444 0.46875
1 0.9010416666666666 0.7065972222222222 0.19270833333333334 0.3559027777777778
1 0.8159722222222222 0.7118055555555556 0.24739583333333334 0.3654513888888889
1 0.6241319444444444 0.7604166666666666 0.17100694444444445 0.3628472222222222
1 0.5564236111111112 0.7916666666666666 0.036458333333333336 0.2664930555555556