1 0.6637667181069958 0.3116319444444444 0.0810699588477368 0.16319444444444445
1 0.7591885288065844 0.3029513888888889 0.13496656378600827 0.1736111111111111
1 0.8544302983539095 0.2699652777777778 0.1315457818930042 0.18055555555555555
1 0.9476015946502058 0.2421875 0.10479681069958839 0.1857638888888889
1 0.8624614197530864 0.06510416666666667 0.11894290123456781 0.11979166666666667
1 0.7167695473251029 0.0842013888888889 0.11912294238683134 0.1440972222222222
1 0.15097093621399177 0.3420138888888889 0.30194187242798354 0.6840277777777778
1 0.7579282407407407 0.953125 0.18993055555555552 0.09375
1 0.7154192386831275 0.9565972222222222 0.11175411522633756 0.08680555555555555
1 0.16527134773662552 0.7491319444444444 0.2874356995884774 0.13194444444444445
1 0.5358924897119342 0.7439236111111112 0.16918724279835395 0.10590277777777778