1 0.04774305555555555 0.3342013888888889 0.0954861111111111 0.203125
1 0.4600694444444444 0.4279513888888889 0.15104166666666666 0.19270833333333334
1 0.5 0.4001736111111111 0.0720486111111111 0.12760416666666666
1 0.9348958333333334 0.4939236111111111 0.125 0.3055555555555556
1 0.7743055555555556 0.4027777777777778 0.09114583333333333 0.16145833333333334
1 0.7039930555555556 0.3958333333333333 0.10590277777777778 0.1753472222222222
1 0.5598958333333334 0.5373263888888888 0.043402777777777776 0.21875
1 0.13368055555555555 0.8229166666666666 0.2664930555555556 0.3489583333333333
1 0.3810763888888889 0.8229166666666666 0.2664930555555556 0.3489583333333333
1 0.4930555555555556 0.8229166666666666 0.08680555555555555 0.3489583333333333
1 0.8315972222222222 0.8368055555555556 0.3315972222222222 0.3220486111111111