1 0.8108474794238683 0.22996399176954732 0.37830504115226343 0.40558127572016456
1 0.3571952160493827 0.05993441358024692 0.4192515432098765 0.11768261316872428
1 0.5281828703703704 0.8788644547325103 0.15934927983539085 0.18519804526748965
1 0.6573366769547325 0.8546489197530865 0.13319187242798355 0.1693801440329218
1 0.6583076131687243 0.9830439814814815 0.14611625514403276 0.033912037037036984
1 0.820556841563786 0.9732445987654322 0.13759002057613165 0.05351080246913556
1 0.6430812757201646 0.6878858024691358 0.12777777777777782 0.1415637860082304
1 0.791139403292181 0.8721322016460905 0.14197530864197538 0.18333333333333338
1 0.7480581275720165 0.6808513374485597 0.12611882716049372 0.15196759259259254
1 0.9085069444444444 0.8973058127572016 0.10201903292181076 0.1795653292181072
1 0.8646926440329218 0.8414287551440329 0.0998456790123458 0.12052469135802468
1 0.9650977366255145 0.6859310699588477 0.049395576131687276 0.10626286008230441