1 0.06718750000000001 0.16503986625514402 0.13344907407407408 0.20507973251028805
1 0.8632458847736626 0.06660236625514403 0.1396862139917696 0.10969650205761315
1 0.7948302469135802 0.0872878086419753 0.23549382716049372 0.1545138888888889
1 0.6776170267489712 0.08207947530864196 0.22328960905349782 0.1473894032921811
1 0.5972222222222222 0.12602237654320989 0.25 0.23805298353909465
1 0.5479038065843622 0.2641653806584362 0.39441872427983543 0.5179398148148148
1 0.37014531893004116 0.17039609053497942 0.2628472222222222 0.33198302469135804
1 0.27133487654320987 0.18889531893004116 0.25244341563786005 0.33356481481481487
1 0.2096772119341564 0.1845100308641975 0.1288194444444445 0.28312757201646094
1 0.15853909465020577 0.7778420781893005 0.2914866255144033 0.4443158436213991
1 0.7060249485596708 0.8635352366255145 0.5124871399176953 0.2729295267489711