1 0.3098958333333333 0.08072916666666667 0.1970486111111111 0.16145833333333334
1 0.2248263888888889 0.05381944444444445 0.0954861111111111 0.1076388888888889
1 0.17100694444444445 0.05295138888888889 0.1779513888888889 0.10590277777777778
1 0.8845486111111112 0.3663194444444444 0.22569444444444445 0.4210069444444444
1 0.7439236111111112 0.24479166666666666 0.12760416666666666 0.22569444444444445
1 0.4748263888888889 0.15625 0.06944444444444445 0.16319444444444445
1 0.5442708333333334 0.15625 0.0842013888888889 0.14930555555555555
1 0.4461805555555556 0.08680555555555555 0.012152777777777778 0.09114583333333333
1 0.296875 0.8741319444444444 0.28125 0.24739583333333334
1 0.11979166666666667 0.9045138888888888 0.23958333333333334 0.1840277777777778
1 0.9244791666666666 0.7881944444444444 0.1467013888888889 0.4184027777777778
1 0.8871527777777778 0.7439236111111112 0.22135416666666666 0.3289930555555556
1 0.7916666666666666 0.7092013888888888 0.2282986111111111 0.2595486111111111
1 0.6961805555555556 0.6727430555555556 0.2378472222222222 0.1875
1 0.59375 0.6467013888888888 0.18229166666666666 0.1345486111111111
1 0.5251736111111112 0.6241319444444444 0.1657986111111111 0.08854166666666667