1 0.07899305555555555 0.2265625 0.1579861111111111 0.359375
1 0.2439236111111111 0.2864583333333333 0.3194444444444444 0.2404513888888889
1 0.3975694444444444 0.2881944444444444 0.2864583333333333 0.23524305555555555
1 0.7291666666666666 0.203125 0.34375 0.40625
1 0.8784722222222222 0.2439236111111111 0.2378472222222222 0.3246527777777778
1 0.5225694444444444 0.6979166666666666 0.06510416666666667 0.5789930555555556
1 0.4748263888888889 0.6588541666666666 0.16145833333333334 0.5
1 0.4227430555555556 0.6163194444444444 0.2647569444444444 0.4157986111111111
1 0.3220486111111111 0.5842013888888888 0.2065972222222222 0.3506944444444444
1 0.2534722222222222 0.5572916666666666 0.19010416666666666 0.2977430555555556
1 0.17881944444444445 0.5277777777777778 0.18055555555555555 0.2378472222222222
1 0.11979166666666667 0.4930555555555556 0.14930555555555555 0.1684027777777778
1 0.07725694444444445 0.4817708333333333 0.13975694444444445 0.1467013888888889
1 0.8003472222222222 0.7022569444444444 0.3654513888888889 0.5868055555555556