1 0.08854166666666667 0.1076388888888889 0.17708333333333334 0.2152777777777778
1 0.9192708333333334 0.10677083333333333 0.15625 0.21354166666666666
1 0.8246527777777778 0.11805555555555555 0.19270833333333334 0.23524305555555555
1 0.7144097222222222 0.10416666666666667 0.1857638888888889 0.20833333333333334
1 0.6319444444444444 0.140625 0.1970486111111111 0.28125
1 0.5616319444444444 0.2630208333333333 0.2907986111111111 0.5260416666666666
1 0.4097222222222222 0.1657986111111111 0.1996527777777778 0.3315972222222222
1 0.3125 0.16666666666666666 0.1909722222222222 0.3333333333333333
1 0.2569444444444444 0.15364583333333334 0.07725694444444445 0.3072916666666667
1 0.0998263888888889 0.7604166666666666 0.1996527777777778 0.4635416666666667
1 0.6024305555555556 0.8975694444444444 0.4539930555555556 0.1996527777777778