1 0.3287165637860082 0.3938850308641975 0.1449588477366256 0.17640174897119337
1 0.4329668209876543 0.34171167695473254 0.12389403292181071 0.16062242798353912
1 0.49202674897119336 0.5200810185185185 0.1466177983539095 0.17120627572016467
1 0.6343942901234568 0.4629822530864198 0.13280606995884783 0.1763117283950617
1 0.36391460905349793 0.19191100823045268 0.11832561728395063 0.13627829218106996
1 0.5558834876543209 0.3191872427983539 0.1293338477366256 0.17628600823045262
1 0.4545717592592593 0.1596000514403292 0.11500771604938285 0.14666923868312753
1 0.6807034465020576 0.30796039094650207 0.1275977366255145 0.1762731481481482
1 0.610693158436214 0.26925154320987654 0.09197530864197548 0.11525205761316866
1 0.7837062757201646 0.28876028806584364 0.15736882716049372 0.19385288065843623
1 0.8699074074074075 0.2486046810699588 0.15570987654320984 0.19904835390946504
1 0.9362075617283951 0.2126414609053498 0.09320987654320984 0.19858539094650204
1 0.8150720164609054 0.06245498971193416 0.13361625514403308 0.11382458847736626
1 0.6817129629629629 0.08316615226337448 0.13425925925925913 0.15722736625514405
1 0.09461805555555555 0.46939943415637864 0.1809542181069959 0.3797710905349795
1 0.20827546296296295 0.40774819958847736 0.15432098765432092 0.33964763374485585
1 0.43458719135802476 0.8005465534979425 0.2750385802469136 0.3989068930041151