1 0.2170138888888889 0.1935763888888889 0.4340277777777778 0.3871527777777778
1 0.7517361111111112 0.0783886316872428 0.4027777777777778 0.1567772633744856
1 0.4427083333333333 0.9066358024691359 0.13194444444444445 0.1651491769547325
1 0.3203125 0.861574074074074 0.1076388888888889 0.15437242798353917
1 0.13368055555555555 0.9667695473251029 0.12152777777777778 0.0643004115226336
1 0.3628472222222222 0.7003536522633745 0.1076388888888889 0.12485853909465029
1 0.1875 0.8574652777777777 0.11284722222222222 0.16660236625514419
1 0.2604166666666667 0.675829475308642 0.10243055555555555 0.13519804526748974
1 0.052083333333333336 0.8620756172839505 0.10416666666666667 0.16820987654320993
1 0.1189236111111111 0.8133423353909465 0.0798611111111111 0.10882201646090531
1 0.03125 0.6445023148148148 0.0625 0.10335648148148142