1 0.3515625 0.3194444444444444 0.08333333333333333 0.16902006172839507
1 0.2534722222222222 0.31322659465020575 0.1388888888888889 0.18158436213991772
1 0.15538194444444445 0.2809670781893004 0.1371527777777778 0.18851594650205764
1 0.05642361111111111 0.25392232510288065 0.11284722222222222 0.19354423868312753
1 0.14149305555555555 0.07100051440329218 0.12152777777777778 0.12416409465020577
1 0.2907986111111111 0.08812371399176955 0.1232638888888889 0.15021862139917697
1 0.859375 0.3462962962962963 0.28125 0.6925925925925926
1 0.2717013888888889 0.964133230452675 0.19618055555555555 0.06916152263374503
1 0.3142361111111111 0.9672903806584361 0.11458333333333333 0.061612654320987933
1 0.8628472222222222 0.7531571502057613 0.2743055555555556 0.14265689300411527
1 0.4947916666666667 0.7576195987654322 0.1753472222222222 0.11240997942386836