1 0.03356481481481481 0.2378472222222222 0.06712962962962962 0.3194444444444444
1 0.19769161522633744 0.2647569444444444 0.16322016460905348 0.2378472222222222
1 0.26049382716049385 0.22395833333333334 0.11787551440329214 0.21006944444444445
1 0.33222736625514404 0.2664930555555556 0.10534979423868308 0.1597222222222222
1 0.36089248971193416 0.2638888888888889 0.04252829218107005 0.11631944444444445
1 0.05508616255144033 0.2873263888888889 0.11017232510288066 0.3211805555555556
1 0.08571887860082304 0.2638888888888889 0.16867283950617284 0.2708333333333333
1 0.6497492283950618 0.2916666666666667 0.6414737654320987 0.5833333333333334
1 0.10195473251028805 0.7673611111111112 0.17554012345679013 0.2604166666666667
1 0.3419945987654321 0.7057291666666666 0.19615483539094647 0.2309027777777778
1 0.21841563786008228 0.7482638888888888 0.21208847736625516 0.2725694444444444
1 0.6658500514403292 0.6961805555555556 0.4784465020576132 0.3715277777777778