1 0.03819444444444445 0.21296939300411524 0.0763888888888889 0.4258873456790123
1 0.09281764403292181 0.23942901234567898 0.16190843621399179 0.3831018518518518
1 0.20947145061728398 0.21772119341563786 0.1192515432098765 0.4331275720164609
1 0.31958590534979425 0.5788194444444444 0.14999999999999997 0.28233024691358033
1 0.44073431069958846 0.546727109053498 0.15063014403292188 0.20769032921810707
1 0.5558256172839506 0.5718878600823045 0.16687242798353907 0.2494727366255144
1 0.6785108024691358 0.7261381172839507 0.2095679012345681 0.5477237654320987
1 0.8067579732510288 0.5694058641975308 0.1543081275720165 0.22160493827160485
1 0.9163773148148147 0.5537229938271605 0.15371656378600798 0.1816743827160493
1 0.9758680555555554 0.5229102366255144 0.03468364197530841 0.11482767489711934
1 0.12408693415637859 0.7926183127572016 0.24817386831275717 0.40120884773662546