1 0.2595486111111111 0.48301183127572017 0.265625 0.1983796296296296
1 0.9123263888888888 0.40327289094650204 0.11805555555555555 0.19445730452674898
1 0.8411458333333334 0.39440586419753093 0.11631944444444445 0.22568158436213992
1 0.7803819444444444 0.3995820473251029 0.09722222222222222 0.22887088477366252
1 0.7178819444444444 0.39778806584362136 0.11458333333333333 0.24475308641975305
1 0.6467013888888888 0.4227752057613169 0.11458333333333333 0.21350308641975305
1 0.5763888888888888 0.42867798353909464 0.10416666666666667 0.21508487654320993
1 0.5052083333333334 0.4857831790123457 0.08159722222222222 0.1140560699588477
1 0.4322916666666667 0.45866126543209873 0.10416666666666667 0.18557098765432103
1 0.3810763888888889 0.3763052983539094 0.034722222222222224 0.13940329218106998
1 0.4826388888888889 0.38735853909465023 0.08333333333333333 0.09845679012345679
1 0.6996527777777778 0.7625064300411523 0.6006944444444444 0.4749871399176955