1 0.41880787037037037 0.14622235082304524 0.11893004115226329 0.2924447016460905
1 0.445556841563786 0.09929912551440329 0.1436085390946502 0.19859825102880657
1 0.48346193415637856 0.06003729423868313 0.10946502057613176 0.12007458847736625
1 0.6540895061728396 0.2611689814814815 0.3237654320987653 0.522337962962963
1 0.8816743827160494 0.24974922839506172 0.23665123456790127 0.49949845679012345
1 0.8474729938271605 0.15606995884773664 0.20088734567901234 0.3121399176954733
1 0.805298353909465 0.13184156378600823 0.15676440329218108 0.26368312757201645
1 0.754957561728395 0.07292309670781894 0.11161265432098766 0.14584619341563787
1 0.1987204218106996 0.2841177983539095 0.3974408436213992 0.556764403292181
1 0.5642232510288065 0.6997363683127572 0.354591049382716 0.3827932098765431
1 0.8207111625514404 0.6700617283950617 0.3386316872427984 0.360108024691358
1 0.9344843106995886 0.7239004629629631 0.11642232510288074 0.4765046296296297