1 0.9371141975308643 0.1627121913580247 0.10841049382716032 0.3254243827160494
1 0.8031121399176955 0.20075231481481481 0.36493055555555565 0.2866255144032922
1 0.6354938271604939 0.21451903292181068 0.32842078189300417 0.2791409465020576
1 0.2702803497942387 0.19042566872427985 0.39864969135802464 0.3808513374485597
1 0.12406121399176955 0.20128600823045267 0.2481224279835391 0.37173353909465023
1 0.5192708333333333 0.6719200102880658 0.10888631687242799 0.638695987654321
1 0.56909079218107 0.6251800411522633 0.20897633744855978 0.5585905349794239
1 0.6232767489711935 0.574903549382716 0.3159722222222222 0.47337962962962954
1 0.7329539609053497 0.5324845679012346 0.24945987654320984 0.39948559670781886
1 0.8061213991769548 0.4975501543209876 0.22645318930041153 0.34012345679012335
1 0.8862590020576131 0.45904063786008226 0.21207561728395063 0.2739454732510289
1 0.929957561728395 0.41846707818930046 0.13509516460905344 0.19295267489711934
1 0.956102109053498 0.4041923868312758 0.08280606995884751 0.16440329218106994
1 0.21652520576131687 0.6799061213991769 0.43305041152263374 0.6400848765432099