1 0.02781635802469136 0.33550668724279836 0.05563271604938272 0.2230452674897119
1 0.4428369341563786 0.4579989711934156 0.17345679012345686 0.216087962962963
1 0.48644547325102877 0.43086419753086425 0.08437500000000003 0.14185956790123455
1 0.9378472222222223 0.5530156893004116 0.1188014403292183 0.336792695473251
1 0.7832368827160494 0.44654706790123455 0.10547839506172846 0.1786265432098766
1 0.707786779835391 0.4358796296296296 0.12296810699588473 0.19624485596707825
1 0.5452353395061729 0.5810570987654321 0.05731738683127574 0.2386702674897118
1 0.11122042181069958 0.8332818930041151 0.22244084362139915 0.31934156378600814
1 0.33925540123456793 0.8425925925925927 0.3027006172839506 0.31481481481481466
1 0.46075745884773656 0.8476916152263374 0.10646862139917701 0.30461676954732514
1 0.8130529835390947 0.8676440329218108 0.34578189300411527 0.26471193415637845