1 0.32764274691358025 0.2840470679012346 0.09504886831275725 0.17604166666666662
1 0.22693544238683128 0.283056841563786 0.15245627572016465 0.19209104938271604
1 0.12516075102880658 0.2551633230452675 0.15077160493827158 0.19902263374485596
1 0.043389917695473255 0.23233024691358026 0.08482510288065843 0.20200617283950617
1 0.1003343621399177 0.0678369341563786 0.12734053497942388 0.08253600823045268
1 0.25315072016460904 0.07191358024691358 0.13108281893004115 0.11902006172839506
1 0.8428819444444444 0.3212448559670782 0.3142361111111111 0.6424897119341564
1 0.2865740740740741 0.9510545267489712 0.2055555555555556 0.09526748971193418
1 0.3291409465020576 0.955079732510288 0.12389403292181071 0.08598251028806597
1 0.8651684670781893 0.6993377057613169 0.26966306584362143 0.16001800411522638
1 0.49931198559670775 0.7237718621399176 0.18494084362139931 0.12462705761316863