1 0.9782986111111112 0.23928112139917695 0.043402777777777776 0.4447659465020576
1 0.9288194444444444 0.2700295781893004 0.1423611111111111 0.3812628600823045
1 0.8255208333333334 0.2369405864197531 0.11979166666666667 0.4366512345679012
1 0.6814236111111112 0.5860982510288066 0.14930555555555555 0.2806198559670783
1 0.5642361111111112 0.5444315843621399 0.14930555555555555 0.20770318930041162
1 0.4487847222222222 0.5583076131687243 0.16493055555555555 0.2477494855967078
1 0.3107638888888889 0.7042952674897119 0.21006944444444445 0.5536394032921811
1 0.20225694444444445 0.5340920781893004 0.1527777777777778 0.22161779835390957
1 0.09375 0.5097222222222223 0.15625 0.1817129629629629
1 0.029513888888888888 0.47460776748971195 0.059027777777777776 0.11328446502057608
1 0.8602430555555556 0.8035236625514403 0.265625 0.3821759259259261