1 0.23958333333333334 0.03740354938271605 0.12152777777777778 0.06950874485596709
1 0.0685763888888889 0.10518261316872428 0.11631944444444445 0.21005658436213992
1 0.3845486111111111 0.3685442386831276 0.0763888888888889 0.2407150205761316
1 0.4366319444444444 0.40143389917695477 0.13368055555555555 0.2589248971193416
1 0.5069444444444444 0.3278227880658436 0.1371527777777778 0.22946244855967082
1 0.5833333333333334 0.29770447530864197 0.1440972222222222 0.2382458847736625
1 0.6657986111111112 0.3162872942386831 0.125 0.2292824074074074
1 0.71875 0.35787037037037034 0.13194444444444445 0.2293852880658436
1 0.9001736111111112 0.2954539609053498 0.1545138888888889 0.2557613168724279
1 0.7925347222222222 0.3225051440329218 0.11979166666666667 0.22920524691358027
1 0.9722222222222222 0.2617991255144033 0.05555555555555555 0.28380915637860077
1 0.9409722222222222 0.7622042181069959 0.109375 0.2898148148148149
1 0.7786458333333334 0.8127507716049382 0.14756944444444445 0.2539223251028806
1 0.3654513888888889 0.7932291666666667 0.07465277777777778 0.41354166666666675
1 0.5755208333333334 0.7585262345679014 0.3020833333333333 0.3638503086419753
1 0.8602430555555556 0.8868762860082305 0.09375 0.17499999999999993
1 0.4392361111111111 0.7867316100823045 0.21875 0.426536779835391