1 0.3498263888888889 0.3151041666666667 0.07465277777777778 0.15885416666666666
1 0.2560763888888889 0.3055555555555556 0.12760416666666666 0.1684027777777778
1 0.16319444444444445 0.2708333333333333 0.125 0.1753472222222222
1 0.059895833333333336 0.24131944444444445 0.11979166666666667 0.18055555555555555
1 0.15711805555555555 0.06336805555555555 0.11284722222222222 0.1267361111111111
1 0.2994791666666667 0.09114583333333333 0.11284722222222222 0.13975694444444445
1 0.8541666666666666 0.34375 0.2864583333333333 0.6875
1 0.2508680555555556 0.9479166666666666 0.18489583333333334 0.09895833333333333
1 0.2916666666666667 0.9522569444444444 0.10850694444444445 0.09114583333333333
1 0.8342013888888888 0.7526041666666666 0.2786458333333333 0.125
1 0.4713541666666667 0.7404513888888888 0.16319444444444445 0.10069444444444445