1 0.9883873456790124 0.3585069444444444 0.023225308641975237 0.4253472222222222
1 0.9416923868312757 0.3828125 0.1166152263374486 0.3767361111111111
1 0.8792438271604939 0.3385416666666667 0.16984310699588473 0.4288194444444444
1 0.7010416666666666 0.65625 0.1757201646090536 0.2847222222222222
1 0.5938657407407407 0.6015625 0.16824845679012354 0.21354166666666666
1 0.48101208847736626 0.6006944444444444 0.18764146090534992 0.2534722222222222
1 0.3334297839506173 0.7161458333333334 0.26786265432098766 0.5364583333333334
1 0.24710005144032923 0.5460069444444444 0.17355967078189297 0.22743055555555555
1 0.14439300411522635 0.5086805555555556 0.17155349794238683 0.1909722222222222
1 0.0624485596707819 0.4618055555555556 0.11898148148148148 0.125
1 0.837866512345679 0.8463541666666666 0.2731095679012346 0.3072916666666667