1 0.24542824074074077 0.08412422839506173 0.23027263374485596 0.15100308641975307
1 0.14978137860082302 0.06313014403292182 0.11170267489711933 0.08068415637860084
1 0.09511959876543209 0.06700745884773662 0.18987911522633744 0.08820730452674898
1 0.8787808641975309 0.3172775205761317 0.24243827160493817 0.48270318930041145
1 0.7384709362139917 0.19592978395061728 0.16340020576131684 0.26334876543209873
1 0.43324974279835393 0.1261381172839506 0.09338991769547327 0.1864454732510288
1 0.5087255658436214 0.11950231481481481 0.10891203703703706 0.17267232510288066
1 0.393653549382716 0.05437885802469136 0.02156635802469135 0.09911265432098765
1 0.3078317901234568 0.8909979423868314 0.32970679012345677 0.21597222222222237
1 0.1467013888888889 0.9364647633744857 0.21793981481481486 0.12660751028806574
1 0.9456082818930042 0.7499549897119342 0.1087834362139917 0.41750257201646096
1 0.9039416152263375 0.7320344650205761 0.19211676954732504 0.3816615226337448
1 0.8394483024691358 0.7021540637860082 0.2783307613168723 0.31107253086419756
1 0.730716306584362 0.6725758744855967 0.2812114197530866 0.23123713991769534
1 0.6142554012345679 0.6543402777777777 0.21651234567901234 0.16826131687242807
1 0.5368569958847735 0.6358153292181069 0.19180812757201654 0.11426183127572011