1 0.6498842592592593 0.15142746913580246 0.14103652263374478 0.2909593621399177
1 0.6268389917695473 0.09866576646090536 0.1611754115226337 0.19733153292181072
1 0.5889853395061729 0.05489647633744856 0.12062757201646097 0.10979295267489712
1 0.3869084362139918 0.2666087962962963 0.375488683127572 0.5332175925925926
1 0.14322916666666666 0.24739583333333334 0.2864583333333333 0.4947916666666667
1 0.19160879629629632 0.14814814814814814 0.2313657407407407 0.2962962962962963
1 0.2378022119341564 0.12271090534979424 0.18064557613168722 0.2454218106995885
1 0.2972865226337449 0.06075745884773662 0.12417695473251023 0.12151491769547323
1 0.8223186728395062 0.3089956275720165 0.3549768518518519 0.5807227366255144
1 0.4416923868312757 0.7197788065843622 0.40073302469135796 0.43002829218106975
1 0.18054269547325102 0.6731288580246914 0.36108539094650205 0.4072145061728395
1 0.0599022633744856 0.7044045781893004 0.1198045267489712 0.47660751028806597