1 0.7556905864197531 0.18229166666666666 0.4662422839506173 0.3645833333333333
1 0.2168724279835391 0.09809027777777778 0.41454475308641975 0.18229166666666666
1 0.600315072016461 0.8862847222222222 0.1453703703703704 0.171875
1 0.716210133744856 0.8289930555555556 0.12097479423868328 0.1597222222222222
1 0.7571309156378602 0.9626736111111112 0.13748713991769534 0.04513888888888889
1 0.9122299382716049 0.9244791666666666 0.12743055555555532 0.09375
1 0.6594971707818931 0.6727430555555556 0.11729681069958847 0.13194444444444445
1 0.8488940329218108 0.8116319444444444 0.12628600823045272 0.1736111111111111
1 0.7590663580246914 0.6380208333333334 0.11388888888888893 0.140625
1 0.960982510288066 0.8029513888888888 0.07803497942386804 0.1753472222222222
1 0.9118827160493826 0.7604166666666666 0.09111368312757209 0.11284722222222222
1 0.9733217592592592 0.5842013888888888 0.053356481481481505 0.10590277777777778