1 0.05987011316872429 0.23658050411522633 0.08833590534979423 0.22111625514403294
1 0.4428047839506173 0.4069701646090535 0.19607767489711936 0.22885802469135796
1 0.4900012860082305 0.38561599794238677 0.10111882716049377 0.14656635802469134
1 0.9101208847736625 0.5658307613168724 0.16823559670781899 0.3414866255144033
1 0.773070987654321 0.44067001028806585 0.12772633744855966 0.18495370370370376
1 0.7021990740740741 0.41930941358024687 0.14534465020576132 0.20244341563786003
1 0.5241833847736626 0.5395318930041153 0.08856738683127574 0.23674125514403282
1 0.09917052469135802 0.7516332304526749 0.19834104938271604 0.3886831275720165
1 0.28339763374485594 0.7947209362139918 0.3444058641975309 0.39834104938271625
1 0.3994084362139918 0.8164158950617284 0.1564171810699589 0.36396604938271593
1 0.7487075617283951 0.8510352366255144 0.405516975308642 0.2979295267489712