1 0.05581918724279836 0.2786779835390947 0.11163837448559671 0.39750514403292175
1 0.1836741255144033 0.3149691358024691 0.3673482510288066 0.31103395061728395
1 0.34025848765432104 0.2891653806584362 0.3429140946502058 0.3001543209876544
1 0.6767939814814815 0.1918402777777778 0.4276620370370369 0.3836805555555556
1 0.8306841563786009 0.17371399176954733 0.29349279835390935 0.34742798353909465
1 0.5313657407407407 0.6872878086419753 0.17214506172839508 0.6065843621399176
1 0.4761831275720165 0.6629372427983539 0.259889403292181 0.5540766460905352
1 0.4159465020576132 0.6282471707818931 0.3525848765432098 0.4842849794238682
1 0.30509259259259264 0.6125321502057613 0.280272633744856 0.40684156378600833
1 0.22980324074074077 0.5980259773662552 0.2533564814814815 0.3474279835390946
1 0.14676568930041153 0.5792952674897118 0.2315715020576132 0.2828832304526748
1 0.08605324074074075 0.5524948559670781 0.1721064814814815 0.20403806584362152
1 0.05907921810699589 0.5459490740740741 0.11815843621399177 0.17199074074074064
1 0.7872685185185185 0.6366319444444444 0.41594650205761297 0.6605324074074073