1 0.12065972222222222 0.24910622427983536 0.1423611111111111 0.17292952674897125
1 0.24479166666666666 0.2230131172839506 0.11979166666666667 0.1606095679012346
1 0.2144097222222222 0.3690715020576132 0.13194444444444445 0.07042181069958847
1 0.375 0.3470486111111111 0.11631944444444445 0.06336162551440329
1 0.24913194444444445 0.07367541152263374 0.11284722222222222 0.1050025720164609
1 0.3732638888888889 0.24029063786008228 0.125 0.17280092592592589
1 0.3524305555555556 0.06683384773662551 0.109375 0.11886574074074074
1 0.5008680555555556 0.26625514403292183 0.12152777777777778 0.17451131687242802
1 0.4487847222222222 0.20674511316872426 0.08854166666666667 0.11350308641975307
1 0.5989583333333334 0.2655285493827161 0.1388888888888889 0.1624871399176955
1 0.5885416666666666 0.06136831275720164 0.09722222222222222 0.12273662551440329