1 0.8723958333333334 0.08159722222222222 0.1545138888888889 0.16319444444444445
1 0.059895833333333336 0.1796875 0.11979166666666667 0.24131944444444445
1 0.12152777777777778 0.17708333333333334 0.24305555555555555 0.2725694444444444
1 0.2361111111111111 0.14322916666666666 0.2309027777777778 0.24305555555555555
1 0.3315972222222222 0.1684027777777778 0.2569444444444444 0.3211805555555556
1 0.4279513888888889 0.2934027777777778 0.3975694444444444 0.5868055555555556
1 0.5729166666666666 0.17274305555555555 0.2673611111111111 0.3454861111111111
1 0.6770833333333334 0.16493055555555555 0.2569444444444444 0.3298611111111111
1 0.734375 0.140625 0.13194444444444445 0.28125
1 0.9288194444444444 0.7083333333333334 0.1423611111111111 0.4583333333333333
1 0.4852430555555556 0.9105902777777778 0.5086805555555556 0.17881944444444445