1 0.2690779320987654 0.4753922325102881 0.2635416666666667 0.19138374485596701
1 0.9318994341563785 0.41836419753086423 0.11426183127572011 0.19264403292181076
1 0.8607960390946503 0.40689300411522633 0.112770061728395 0.2256044238683127
1 0.7991383744855968 0.40945216049382716 0.09196244855967074 0.2287680041152264
1 0.7366512345679013 0.4067901234567901 0.10943930041152249 0.24465020576131685
1 0.6635673868312757 0.4282793209876543 0.11094393004115233 0.21342592592592594
1 0.5923546810699588 0.43156507201646094 0.09880401234567888 0.21498199588477362
1 0.5172775205761317 0.4877507716049383 0.07896090534979432 0.11400462962962957
1 0.4454475308641975 0.4571694958847736 0.10030864197530853 0.1837577160493827
1 0.3965856481481482 0.37310313786008226 0.030555555555555596 0.14106224279835386
1 0.49892618312757203 0.3867734053497942 0.08230452674897117 0.0966949588477366
1 0.699170524691358 0.7712641460905351 0.5937114197530864 0.45747170781892993