1 0.18407278806584362 0.17747556584362142 0.14848251028806583 0.17989969135802467
1 0.3187114197530864 0.18255529835390946 0.12570730452674894 0.16584362139917694
1 0.25136316872427983 0.3245627572016461 0.13991769547325106 0.07047325102880661
1 0.4218106995884774 0.34413580246913583 0.12418981481481486 0.06341306584362133
1 0.3574138374485597 0.04229681069958848 0.11760545267489715 0.08459362139917696
1 0.4462191358024692 0.23369984567901236 0.12938528806584357 0.17975823045267486
1 0.46698173868312765 0.05490612139917696 0.11451903292181084 0.10981224279835392
1 0.5712512860082304 0.29354423868312757 0.1259387860082306 0.18146862139917688
1 0.5328060699588477 0.21829989711934156 0.09200102880658435 0.11698816872427988
1 0.6731610082304527 0.31622942386831276 0.1431198559670782 0.16944444444444448
1 0.71494341563786 0.08933256172839506 0.09953703703703691 0.1569701646090535