1 0.12413194444444445 0.11437757201646091 0.19270833333333334 0.22875514403292183
1 0.4097222222222222 0.13090920781893003 0.3055555555555556 0.26181841563786007
1 0.2482638888888889 0.12143132716049382 0.2361111111111111 0.24286265432098764
1 0.7569444444444444 0.16586934156378602 0.06770833333333333 0.22843364197530866
1 0.8038194444444444 0.1313207304526749 0.14756944444444445 0.2348251028806584
1 0.8828125 0.13449074074074072 0.1545138888888889 0.23319187242798353
1 0.9435763888888888 0.17525720164609054 0.11284722222222222 0.23431069958847736
1 0.9618055555555556 0.2097093621399177 0.0763888888888889 0.18515946502057615
1 0.3246527777777778 0.7087319958847736 0.6493055555555556 0.5825360082304526
1 0.9140625 0.7121527777777777 0.171875 0.5511574074074073
1 0.78125 0.6698495370370371 0.2638888888888889 0.6410622427983539
1 0.875 0.5556134259259259 0.20833333333333334 0.3954475308641976
1 0.9184027777777778 0.5549704218106997 0.16145833333333334 0.33919753086419746
1 0.9618055555555556 0.5126607510288066 0.0763888888888889 0.22161779835390938