1 0.8670910493827161 0.03924897119341564 0.12914094650205776 0.04704218106995886
1 0.9838670267489711 0.12952674897119343 0.03226594650205783 0.19146090534979424
1 0.6745177469135802 0.34425154320987655 0.10097736625514406 0.2549125514403292
1 0.6167566872427983 0.37202289094650204 0.16210133744855978 0.2801183127572017
1 0.5529706790123456 0.2861432613168724 0.1633487654320989 0.2471579218106996
1 0.47851723251028805 0.24209747942386828 0.1721836419753087 0.25770318930041153
1 0.39093364197530867 0.2494727366255144 0.14948559670781897 0.24868827160493823
1 0.32981610082304524 0.28510802469135804 0.15816615226337444 0.2488168724279836
1 0.14960776748971194 0.19400720164609053 0.18288323045267488 0.2769547325102881
1 0.25878343621399175 0.23753858024691357 0.14425154320987657 0.24687499999999998
1 0.06903935185185185 0.14829603909465022 0.09988425925925926 0.29659207818930045
1 0.062037037037037036 0.6711033950617283 0.10874485596707818 0.310570987654321
1 0.2090534979423868 0.7488040123456791 0.17588734567901237 0.2733796296296297
1 0.6384387860082305 0.7806455761316872 0.11386316872427986 0.4217335390946503
1 0.42658822016460907 0.7221386316872428 0.3461162551440328 0.39913837448559675
1 0.1153613683127572 0.8127057613168724 0.11215277777777777 0.18912037037037047
1 0.5644354423868313 0.7669817386831276 0.26534207818930056 0.45348508230452667