1 0.8480902777777778 0.08506944444444445 0.203125 0.1701388888888889
1 0.051215277777777776 0.18055555555555555 0.10243055555555555 0.2361111111111111
1 0.11024305555555555 0.17708333333333334 0.2204861111111111 0.2673611111111111
1 0.21354166666666666 0.1467013888888889 0.2222222222222222 0.23958333333333334
1 0.3046875 0.1701388888888889 0.2465277777777778 0.3142361111111111
1 0.3958333333333333 0.2864583333333333 0.3819444444444444 0.5729166666666666
1 0.5347222222222222 0.17100694444444445 0.2569444444444444 0.3420138888888889
1 0.6336805555555556 0.1640625 0.2465277777777778 0.328125
1 0.6892361111111112 0.14149305555555555 0.1284722222222222 0.2829861111111111
1 0.9036458333333334 0.7048611111111112 0.19270833333333334 0.4826388888888889
1 0.4548611111111111 0.8984375 0.4930555555555556 0.203125