1 0.21682098765432098 0.49642489711934157 0.2880401234567901 0.21566358024691348
1 0.908667695473251 0.3834876543209877 0.13347479423868297 0.20757458847736623
1 0.8340534979423868 0.37772633744855966 0.13371913580246936 0.24056069958847737
1 0.7680298353909465 0.3841820987654321 0.11289866255144038 0.24214248971193422
1 0.7029063786008231 0.386304012345679 0.1321373456790123 0.2613811728395061
1 0.6271669238683129 0.41525848765432094 0.1318930041152263 0.22839506172839505
1 0.5533050411522633 0.42512860082304527 0.11800411522633741 0.22829218106995885
1 0.47817644032921813 0.4888117283950617 0.09119084362139912 0.12393261316872442
1 0.4002314814814815 0.46392746913580246 0.11952160493827159 0.1987911522633744
1 0.3435699588477366 0.3784336419753086 0.042759773662551424 0.14787808641975314
1 0.4520318930041152 0.38531378600823046 0.09279835390946506 0.10658436213991765
1 0.6810313786008231 0.7574588477366255 0.6303497942386831 0.48508230452674894