1 0.09854681069958848 0.294579475308642 0.1453832304526749 0.17574588477366257
1 0.2224729938271605 0.26496270576131686 0.12445987654320984 0.16328446502057611
1 0.19490740740740742 0.4112204218106996 0.13247170781893003 0.0731352880658436
1 0.3553305041152263 0.3862718621399177 0.11853137860082302 0.06598508230452677
1 0.2212705761316872 0.10263631687242797 0.11904578189300412 0.1354295267489712
1 0.3519354423868313 0.2795396090534979 0.12802211934156382 0.17548868312757204
1 0.32451131687242796 0.09329346707818931 0.11738683127572022 0.1458204732510288
1 0.47971965020576135 0.30195473251028804 0.12629886831275725 0.17719907407407406
1 0.4263310185185185 0.24371141975308644 0.09112654320987662 0.1159207818930042
1 0.5777906378600823 0.2978973765432099 0.1418338477366255 0.16527777777777775
1 0.5622878086419753 0.08022119341563787 0.1000900205761318 0.15424382716049384