1 0.7092013888888888 0.3541666666666667 0.033854166666666664 0.3819444444444444
1 0.6779513888888888 0.3246527777777778 0.09635416666666667 0.3940972222222222
1 0.6493055555555556 0.2994791666666667 0.125 0.3532986111111111
1 0.5902777777777778 0.2847222222222222 0.14149305555555555 0.3585069444444444
1 0.515625 0.2916666666666667 0.1371527777777778 0.3194444444444444
1 0.4505208333333333 0.2725694444444444 0.12239583333333333 0.2960069444444444
1 0.3654513888888889 0.3151041666666667 0.09635416666666667 0.19270833333333334
1 0.2977430555555556 0.3029513888888889 0.13020833333333334 0.3125
1 0.2065972222222222 0.2934027777777778 0.16319444444444445 0.375
1 0.0720486111111111 0.2647569444444444 0.1440972222222222 0.4522569444444444
1 0.026041666666666668 0.2230902777777778 0.052083333333333336 0.390625
1 0.11458333333333333 0.2378472222222222 0.12239583333333333 0.3220486111111111
1 0.15885416666666666 0.25 0.08159722222222222 0.3072916666666667
1 0.2604166666666667 0.14756944444444445 0.07465277777777778 0.1371527777777778
1 0.3758680555555556 0.1753472222222222 0.0842013888888889 0.09114583333333333
1 0.96875 0.15364583333333334 0.057291666666666664 0.15364583333333334
1 0.8532986111111112 0.03732638888888889 0.18229166666666666 0.07465277777777778
1 0.7404513888888888 0.2847222222222222 0.024305555555555556 0.1032986111111111
1 0.4305555555555556 0.7256944444444444 0.5815972222222222 0.3368055555555556
1 0.8897569444444444 0.7873263888888888 0.21614583333333334 0.4157986111111111