1 0.6400591563786008 0.08113425925925927 0.23029835390946513 0.15447530864197534
1 0.7236754115226337 0.043557098765432095 0.11514917695473256 0.07723765432098767
1 0.7818544238683127 0.041383744855967075 0.2001800411522634 0.07265946502057613
1 0.11384387860082305 0.4357445987654321 0.2276877572016461 0.4721836419753086
1 0.20792824074074073 0.2906185699588477 0.16855709876543207 0.2564429012345679
1 0.47800282921810694 0.16066743827160496 0.09855967078189289 0.18127572016460902
1 0.40501543209876545 0.16967592592592592 0.1106224279835391 0.16921296296296295
1 0.4985468106995885 0.082690329218107 0.026761831275720144 0.09741512345679013
1 0.7601401748971194 0.8633166152263374 0.3265560699588477 0.2593492798353909
1 0.9033050411522634 0.8730581275720165 0.18189300411522621 0.18189300411522621
1 0.10498328189300411 0.8273276748971193 0.1865869341563786 0.3453446502057614
1 0.14061856995884772 0.8212512860082304 0.25785751028806586 0.3574974279835392
1 0.2225051440329218 0.7838091563786009 0.2800411522633744 0.3076131687242799
1 0.31837705761316876 0.7324331275720165 0.2777520576131687 0.2329475308641974
1 0.4211226851851852 0.6906571502057613 0.21131687242798355 0.16995884773662537
1 0.48994984567901234 0.6573109567901234 0.1883744855967079 0.11944444444444437