1 0.6692708333333334 0.375 0.13020833333333334 0.16666666666666666
1 0.5564236111111112 0.3324652777777778 0.1111111111111111 0.1545138888888889
1 0.5173611111111112 0.5199652777777778 0.13368055555555555 0.16145833333333334
1 0.3645833333333333 0.4765625 0.11805555555555555 0.1701388888888889
1 0.6085069444444444 0.17274305555555555 0.1076388888888889 0.13020833333333334
1 0.4288194444444444 0.3229166666666667 0.11284722222222222 0.1701388888888889
1 0.5112847222222222 0.1484375 0.10243055555555555 0.1388888888888889
1 0.2994791666666667 0.3229166666666667 0.1111111111111111 0.1701388888888889
1 0.3663194444444444 0.2760416666666667 0.08159722222222222 0.109375
1 0.1918402777777778 0.3133680555555556 0.140625 0.1840277777777778
1 0.09809027777777778 0.2821180555555556 0.1388888888888889 0.1892361111111111
1 0.03298611111111111 0.2526041666666667 0.06076388888888889 0.19618055555555555
1 0.1293402777777778 0.06944444444444445 0.11979166666666667 0.1388888888888889
1 0.2708333333333333 0.09288194444444445 0.11979166666666667 0.1527777777777778
1 0.9227430555555556 0.4279513888888889 0.1545138888888889 0.3732638888888889
1 0.7942708333333334 0.3776041666666667 0.11805555555555555 0.3368055555555556
1 0.6137152777777778 0.8038194444444444 0.234375 0.3923611111111111