1 0.14047067901234567 0.10677083333333333 0.21496913580246912 0.21354166666666666
1 0.44461162551440325 0.1284722222222222 0.32325102880658424 0.2569444444444444
1 0.27514789094650205 0.1154513888888889 0.25168467078189294 0.2309027777777778
1 0.8080375514403292 0.1675347222222222 0.07817644032921815 0.2378472222222222
1 0.8563143004115227 0.1449652777777778 0.1595421810699589 0.2222222222222222
1 0.927391975308642 0.15104166666666666 0.14521604938271596 0.21875
1 0.970068158436214 0.1814236111111111 0.05986368312757209 0.24131944444444445
1 0.9896412037037037 0.21875 0.020717592592592697 0.1875
1 0.3550990226337449 0.7074652777777778 0.6979038065843622 0.5850694444444444
1 0.9374228395061728 0.7291666666666666 0.12515432098765444 0.5416666666666666
1 0.831275720164609 0.6814236111111112 0.2976337448559671 0.6371527777777778
1 0.9081340020576132 0.5772569444444444 0.18373199588477362 0.4114583333333333
1 0.9430877057613168 0.5772569444444444 0.11382458847736625 0.3489583333333333