1 0.921875 0.1171875 0.1388888888888889 0.234375
1 0.6440972222222222 0.1232638888888889 0.2986111111111111 0.2465277777777778
1 0.8142361111111112 0.1189236111111111 0.22569444444444445 0.2378472222222222
1 0.2795138888888889 0.1371527777777778 0.05381944444444445 0.234375
1 0.23350694444444445 0.1111111111111111 0.1388888888888889 0.21006944444444445
1 0.1501736111111111 0.11197916666666667 0.14583333333333334 0.2048611111111111
1 0.07118055555555555 0.13541666666666666 0.1267361111111111 0.234375
1 0.04774305555555555 0.17100694444444445 0.0954861111111111 0.1857638888888889
1 0.6822916666666666 0.7265625 0.6354166666666666 0.546875
1 0.0703125 0.7057291666666666 0.140625 0.5885416666666666
1 0.21788194444444445 0.6675347222222222 0.2309027777777778 0.6649305555555556
1 0.12760416666666666 0.5347222222222222 0.1909722222222222 0.3975694444444444
1 0.08333333333333333 0.5329861111111112 0.14583333333333334 0.34375
1 0.035590277777777776 0.4861111111111111 0.07118055555555555 0.22569444444444445