1 0.045415380658436214 0.31193415637860084 0.07955246913580247 0.2141075102880659
1 0.45766460905349793 0.42695473251028804 0.1662294238683128 0.2060699588477366
1 0.4989197530864198 0.3994855967078189 0.0818672839506173 0.13600823045267488
1 0.9383487654320987 0.516480195473251 0.1233024691358027 0.3221322016460905
1 0.7846900720164609 0.41375385802469133 0.10321502057613172 0.17088477366255145
1 0.7116319444444444 0.4036651234567901 0.11907150205761319 0.1866255144032921
1 0.5583590534979425 0.5448752572016461 0.05721450617283944 0.22956532921810713
1 0.1327096193415638 0.8142618312757202 0.24654063786008232 0.3542181069958848
1 0.36721322016460906 0.8232606738683127 0.2951774691358025 0.3534786522633746
1 0.4835969650205762 0.8279449588477367 0.1075745884773664 0.34411008230452667
1 0.8271412037037037 0.8461355452674897 0.3457175925925926 0.3077289094650205