1 0.11234567901234567 0.1857381687242798 0.20239197530864197 0.37127057613168724
1 0.26977880658436215 0.2615612139917695 0.3562628600823045 0.2856095679012346
1 0.42500000000000004 0.2844135802469136 0.3214763374485597 0.27667181069958846
1 0.7708140432098767 0.24270190329218108 0.4009130658436213 0.4543338477366255
1 0.8867091049382716 0.300855195473251 0.22485853909465014 0.3575488683127571
1 0.49737011316872426 0.708204732510288 0.1414994855967079 0.5835905349794239
1 0.45340149176954736 0.6691936728395063 0.229591049382716 0.5277134773662551
1 0.40689300411522633 0.6193672839506174 0.32280092592592585 0.4554912551440328
1 0.3091435185185185 0.5726337448559671 0.25628858024691353 0.38208590534979414
1 0.24342849794238683 0.5374228395061729 0.2315715020576132 0.3263503086419753
1 0.1725437242798354 0.4969650205761316 0.2137602880658436 0.2654578189300412
1 0.11730324074074074 0.45401877572016464 0.17327674897119344 0.1905092592592593
1 0.07768132716049383 0.43721707818930045 0.15536265432098767 0.16610082304526752
1 0.7759580761316873 0.7164930555555555 0.4417309670781893 0.5670138888888889