1 0.6623263888888888 0.3723958333333333 0.12239583333333333 0.15885416666666666
1 0.5538194444444444 0.3333333333333333 0.1032986111111111 0.1467013888888889
1 0.5190972222222222 0.5147569444444444 0.125 0.15364583333333334
1 0.3723958333333333 0.4748263888888889 0.11024305555555555 0.16145833333333334
1 0.6006944444444444 0.17881944444444445 0.10069444444444445 0.12239583333333333
1 0.4305555555555556 0.3255208333333333 0.10590277777777778 0.16145833333333334
1 0.5069444444444444 0.15711805555555555 0.09635416666666667 0.13194444444444445
1 0.3064236111111111 0.328125 0.1032986111111111 0.16145833333333334
1 0.3697916666666667 0.2821180555555556 0.07725694444444445 0.1032986111111111
1 0.203125 0.3211805555555556 0.13194444444444445 0.1753472222222222
1 0.11284722222222222 0.2916666666666667 0.13020833333333334 0.18055555555555555
1 0.03819444444444445 0.2638888888888889 0.0763888888888889 0.1875
1 0.13802083333333334 0.07725694444444445 0.11284722222222222 0.15364583333333334
1 0.2751736111111111 0.10850694444444445 0.11284722222222222 0.1440972222222222
1 0.9166666666666666 0.4184027777777778 0.16145833333333334 0.3559027777777778
1 0.7821180555555556 0.3723958333333333 0.10850694444444445 0.3220486111111111
1 0.6163194444444444 0.7977430555555556 0.21875 0.3993055555555556