1 0.04774305555555555 0.15364583333333334 0.0954861111111111 0.3072916666666667
1 0.24479166666666666 0.21614583333333334 0.125 0.21614583333333334
1 0.3125 0.1875 0.08159722222222222 0.1970486111111111
1 0.3758680555555556 0.24131944444444445 0.07899305555555555 0.1467013888888889
1 0.4053819444444444 0.2439236111111111 0.021701388888888888 0.11284722222222222
1 0.06597222222222222 0.20833333333333334 0.13194444444444445 0.3003472222222222
1 0.13541666666666666 0.1970486111111111 0.12239583333333333 0.25
1 0.6883680555555556 0.2838541666666667 0.5407986111111112 0.5677083333333334
1 0.06770833333333333 0.6909722222222222 0.1345486111111111 0.2378472222222222
1 0.3125 0.671875 0.15885416666666666 0.20399305555555555
1 0.18489583333333334 0.6927083333333334 0.1684027777777778 0.24479166666666666
1 0.6310763888888888 0.71875 0.4253472222222222 0.2977430555555556