1 0.9314236111111112 0.20250128600823045 0.11979166666666667 0.4050025720164609
1 0.8784722222222222 0.23394418724279836 0.18229166666666666 0.36940586419753085
1 0.7664930555555556 0.22262088477366257 0.14756944444444445 0.4177597736625515
1 0.6961805555555556 0.5721000514403293 0.16145833333333334 0.2755015432098765
1 0.5798611111111112 0.5547325102880658 0.15625 0.20775462962962976
1 0.4756944444444444 0.5893582818930041 0.1736111111111111 0.24607767489711918
1 0.3723958333333333 0.7402970679012346 0.24131944444444445 0.5156764403292181
1 0.2421875 0.6110532407407407 0.16145833333333334 0.21994598765432094
1 0.13541666666666666 0.6083719135802469 0.1597222222222222 0.18347479423868307
1 0.052083333333333336 0.5907600308641975 0.10069444444444445 0.11532921810699588
1 0.8819444444444444 0.752147633744856 0.2361111111111111 0.40452674897119345