1 0.2760416666666667 0.4557291666666667 0.2404513888888889 0.16145833333333334
1 0.9192708333333334 0.4470486111111111 0.09375 0.1779513888888889
1 0.8524305555555556 0.4314236111111111 0.08854166666666667 0.2092013888888889
1 0.7916666666666666 0.4288194444444444 0.06944444444444445 0.21354166666666666
1 0.7317708333333334 0.421875 0.0842013888888889 0.2282986111111111
1 0.6597222222222222 0.4375 0.08854166666666667 0.1970486111111111
1 0.5911458333333334 0.4366319444444444 0.07725694444444445 0.1996527777777778
1 0.5147569444444444 0.484375 0.06770833333333333 0.1032986111111111
1 0.4470486111111111 0.4505208333333333 0.08159722222222222 0.17100694444444445
1 0.4071180555555556 0.3654513888888889 0.016493055555555556 0.1345486111111111
1 0.5052083333333334 0.3871527777777778 0.0720486111111111 0.08680555555555555
1 0.6805555555555556 0.7881944444444444 0.5625 0.4184027777777778