1 0.84375 0.22569444444444445 0.1154513888888889 0.14930555555555555
1 0.7239583333333334 0.21875 0.09635416666666667 0.13975694444444445
1 0.7717013888888888 0.3524305555555556 0.11979166666666667 0.050347222222222224
1 0.6180555555555556 0.3541666666666667 0.10590277777777778 0.04600694444444445
1 0.6996527777777778 0.06597222222222222 0.09635416666666667 0.11284722222222222
1 0.6041666666666666 0.2534722222222222 0.09895833333333333 0.15104166666666666
1 0.6006944444444444 0.07465277777777778 0.09114583333333333 0.125
1 0.4878472222222222 0.2960069444444444 0.09635416666666667 0.15364583333333334
1 0.5286458333333334 0.23177083333333334 0.0720486111111111 0.09895833333333333
1 0.3958333333333333 0.3072916666666667 0.11284722222222222 0.13975694444444445
1 0.3758680555555556 0.10069444444444445 0.07465277777777778 0.1345486111111111