1 0.5407986111111112 0.14322916666666666 0.09114583333333333 0.2864583333333333
1 0.5130208333333334 0.09895833333333333 0.12239583333333333 0.1970486111111111
1 0.4739583333333333 0.0625 0.09635416666666667 0.125
1 0.3194444444444444 0.2586805555555556 0.2690972222222222 0.5164930555555556
1 0.09635416666666667 0.2586805555555556 0.19270833333333334 0.5164930555555556
1 0.12760416666666666 0.16666666666666666 0.16493055555555555 0.3333333333333333
1 0.16666666666666666 0.14322916666666666 0.12760416666666666 0.2864583333333333
1 0.21180555555555555 0.08506944444444445 0.09375 0.1701388888888889
1 0.7934027777777778 0.2586805555555556 0.4088541666666667 0.5164930555555556
1 0.4305555555555556 0.6909722222222222 0.3125 0.34375
1 0.18229166666666666 0.6814236111111112 0.2977430555555556 0.3246527777777778
1 0.05642361111111111 0.7526041666666666 0.11284722222222222 0.4661458333333333