1 0.22743055555555555 0.03993055555555555 0.11805555555555555 0.07899305555555555
1 0.057291666666666664 0.11458333333333333 0.11458333333333333 0.2152777777777778
1 0.3819444444444444 0.3663194444444444 0.06770833333333333 0.23350694444444445
1 0.4340277777777778 0.3967013888888889 0.12239583333333333 0.25
1 0.5008680555555556 0.3211805555555556 0.12760416666666666 0.21875
1 0.5746527777777778 0.2873263888888889 0.1345486111111111 0.2282986111111111
1 0.65625 0.3003472222222222 0.1154513888888889 0.22135416666666666
1 0.7100694444444444 0.3385416666666667 0.12239583333333333 0.22135416666666666
1 0.8871527777777778 0.2690972222222222 0.1440972222222222 0.24479166666666666
1 0.78125 0.3003472222222222 0.11024305555555555 0.22135416666666666
1 0.9661458333333334 0.23177083333333334 0.0625 0.2760416666666667
1 0.9461805555555556 0.7274305555555556 0.1032986111111111 0.28125
1 0.7847222222222222 0.7847222222222222 0.1371527777777778 0.24305555555555555
1 0.3784722222222222 0.7881944444444444 0.059895833333333336 0.4088541666666667
1 0.5833333333333334 0.7413194444444444 0.2864583333333333 0.34375
1 0.8680555555555556 0.8532986111111112 0.08680555555555555 0.1684027777777778
1 0.4496527777777778 0.7760416666666666 0.20225694444444445 0.4131944444444444