1 0.856198559670782 0.08994984567901235 0.19385288065843614 0.1573688271604938
1 0.04319058641975308 0.16296939300411523 0.08638117283950617 0.2113554526748971
1 0.10401877572016462 0.16386959876543208 0.20803755144032923 0.24787808641975306
1 0.20648791152263377 0.13501800411522635 0.2220807613168724 0.21854423868312756
1 0.29830889917695474 0.16242283950617284 0.24696502057613165 0.2970293209876543
1 0.38942258230452675 0.2853137860082305 0.3843492798353909 0.5646604938271605
1 0.5361239711934157 0.17028677983539095 0.25761316872427975 0.32843364197530867
1 0.6385995370370371 0.16572788065843622 0.24710648148148134 0.31612654320987654
1 0.6960583847736626 0.14400720164609054 0.125244341563786 0.26918724279835393
1 0.9001607510288065 0.7182741769547325 0.19288837448559684 0.49585905349794224
1 0.431712962962963 0.8998135288065845 0.506712962962963 0.20037294238683107