1 0.020833333333333332 0.20414737654320989 0.041666666666666664 0.2937114197530864
1 0.19444444444444445 0.22192644032921813 0.1684027777777778 0.2581918724279835
1 0.265625 0.18165509259259258 0.11805555555555555 0.2300411522633745
1 0.34375 0.2334490740740741 0.1076388888888889 0.1744084362139917
1 0.3758680555555556 0.2319508744855967 0.03993055555555555 0.12876800411522638
1 0.043402777777777776 0.23296039094650206 0.08680555555555555 0.3478652263374486
1 0.07725694444444445 0.21498199588477368 0.1545138888888889 0.2945473251028807
1 0.6814236111111112 0.2984503600823045 0.6371527777777778 0.5915252057613168
1 0.08333333333333333 0.7697145061728394 0.1388888888888889 0.27880658436213995
1 0.3315972222222222 0.7194701646090534 0.203125 0.24976851851851853
1 0.19270833333333334 0.7583719135802469 0.2204861111111111 0.2967721193415637
1 0.6909722222222222 0.7308127572016461 0.5121527777777778 0.3926826131687243