1 0.47409979423868315 0.1432934670781893 0.1391718106995885 0.2746013374485597
1 0.4364519032921811 0.09933770576131687 0.15762602880658438 0.1880787037037037
1 0.38933256172839503 0.06565715020576131 0.11712962962962968 0.11109825102880658
1 0.260841049382716 0.2954989711934156 0.3669238683127572 0.5557227366255143
1 0.08400205761316873 0.3258616255144033 0.16712962962962963 0.533667695473251
1 0.07893518518518519 0.2277070473251029 0.15704732510288066 0.3443029835390947
1 0.08478652263374485 0.19741512345679013 0.16877572016460907 0.28719135802469137
1 0.11813271604938273 0.1293402777777778 0.12268518518518522 0.15805041152263374
1 0.749241255144033 0.26020447530864194 0.4950102880658436 0.505542695473251
1 0.4505722736625515 0.7166666666666667 0.3902134773662552 0.4189300411522634
1 0.19298482510288065 0.7432291666666667 0.3605324074074074 0.39592335390946487
1 0.08919110082304527 0.7908629115226338 0.1524048353909465 0.4182741769547324