1 0.27434413580246914 0.3510288065843621 0.11370884773662551 0.41051954732510293
1 0.3026748971193416 0.3139081790123457 0.18177726337448558 0.43532664609053495
1 0.3292052469135802 0.2811149691358025 0.2037808641975308 0.39729938271604937
1 0.3886059670781893 0.25637860082304526 0.22300668724279837 0.4061213991769547
1 0.46855709876543217 0.2508937757201646 0.21023662551440322 0.3643647119341563
1 0.5341370884773663 0.2192579732510288 0.1889917695473251 0.3364326131687243
1 0.6318158436213992 0.24776234567901234 0.14044495884773667 0.22323816872427985
1 0.7007651748971193 0.22309670781893004 0.1996913580246914 0.3556069958847736
1 0.7956147119341563 0.20817258230452673 0.24904835390946506 0.4063143004115226
1 0.8999228395061729 0.19939557613168724 0.16890432098765412 0.3866255144032922
1 0.8780092592592593 0.15495756172839503 0.18148148148148144 0.2981867283950617
1 0.8388824588477366 0.159008487654321 0.1486239711934157 0.3066229423868313
1 0.7126157407407407 0.0677854938271605 0.10601851851851841 0.1257716049382716
1 0.5966370884773663 0.10252057613168725 0.1075745884773664 0.11363168724279833
1 0.23020833333333338 0.2829861111111111 0.04683641975308639 0.114917695473251
1 0.6330182613168724 0.6940007716049382 0.6839506172839506 0.46855709876543217
1 0.15829475308641974 0.7995434670781894 0.3114969135802469 0.4009130658436213