1 0.12004886831275721 0.10072659465020577 0.13330761316872428 0.0929912551440329
1 0.02105838477366255 0.20328575102880658 0.0421167695473251 0.23296039094650206
1 0.3370306069958848 0.3975051440329218 0.11828703703703702 0.2508487654320988
1 0.3948816872427984 0.41876929012345676 0.1777263374485596 0.2790637860082305
1 0.4500514403292181 0.3280221193415638 0.17728909465020573 0.2495498971193416
1 0.518479938271605 0.2799125514403292 0.18438786008230462 0.2600180041152263
1 0.6044560185185186 0.2779449588477367 0.16513631687242794 0.24945987654320984
1 0.6656635802469135 0.3070473251028807 0.17210648148148147 0.2512474279835391
1 0.8330182613168724 0.20324074074074072 0.19855967078189293 0.27921810699588473
1 0.7315522119341564 0.25457818930041154 0.15990226337448574 0.24768518518518523
1 0.9049704218106996 0.15168467078189302 0.12061471193415624 0.29079218106995885
1 0.943505658436214 0.6563657407407407 0.09827674897119347 0.30624999999999997
1 0.8232317386831275 0.7466306584362141 0.19153806584362146 0.27395833333333325
1 0.4082175925925926 0.8059863683127573 0.14467592592592599 0.3880272633744855
1 0.610622427983539 0.7407150205761317 0.3636574074074075 0.40889917695473244
1 0.9205375514403293 0.8003086419753086 0.12430555555555539 0.1884002057613168
1 0.47883873456790127 0.7851401748971194 0.2928626543209876 0.42971965020576125