1 0.17578446502057612 0.059027777777777776 0.12735339506172838 0.08333333333333333
1 0.03751929012345679 0.14322916666666666 0.07460133744855967 0.22743055555555555
1 0.36044881687242797 0.3793402777777778 0.0886188271604939 0.24479166666666666
1 0.41534207818930047 0.4071180555555556 0.14606481481481481 0.265625
1 0.4789609053497943 0.3237847222222222 0.14755658436213992 0.2326388888888889
1 0.5515817901234568 0.2838541666666667 0.15632716049382722 0.24479166666666666
1 0.6367155349794239 0.2925347222222222 0.13541666666666666 0.234375
1 0.6951388888888889 0.328125 0.14237397119341566 0.2361111111111111
1 0.8707304526748971 0.2439236111111111 0.16687242798353927 0.2621527777777778
1 0.7642489711934156 0.2829861111111111 0.13020833333333334 0.234375
1 0.9493955761316872 0.1996527777777778 0.08546810699588489 0.2881944444444444
1 0.9508551954732509 0.7074652777777778 0.0982896090534982 0.296875
1 0.8069958847736625 0.7803819444444444 0.15990226337448574 0.2586805555555556
1 0.3896090534979424 0.8003472222222222 0.09323559670781892 0.3993055555555556
1 0.5958333333333333 0.75 0.32047325102880664 0.3732638888888889
1 0.8977559156378602 0.8454861111111112 0.10201903292181076 0.17881944444444445
1 0.4615612139917695 0.7873263888888888 0.24099794238683123 0.4253472222222222