1 0.7373135288065843 0.3967013888888889 0.10016718106995882 0.3975694444444444
1 0.7092656893004116 0.3602430555555556 0.16630658436214002 0.4201388888888889
1 0.6838670267489712 0.3298611111111111 0.18860596707818938 0.3836805555555556
1 0.6255272633744856 0.3055555555555556 0.20775462962962976 0.390625
1 0.5482317386831276 0.3003472222222222 0.19530606995884783 0.3506944444444444
1 0.4837705761316873 0.2699652777777778 0.176003086419753 0.3229166666666667
1 0.3893775720164609 0.3003472222222222 0.1317901234567902 0.21354166666666666
1 0.32235725308641977 0.2760416666666667 0.1865612139917696 0.3420138888888889
1 0.2301633230452675 0.2517361111111111 0.23221450617283945 0.4114583333333333
1 0.10580632716049382 0.22135416666666666 0.20119598765432098 0.4427083333333333
1 0.06642232510288065 0.1779513888888889 0.0981224279835391 0.3559027777777778
1 0.14369212962962966 0.1796875 0.18141718106995885 0.3506944444444444
1 0.18724279835390945 0.1996527777777778 0.1361239711934156 0.3298611111111111
1 0.3081147119341564 0.1111111111111111 0.1000900205761317 0.1527777777777778
1 0.4221836419753086 0.15885416666666666 0.10149176954732514 0.1076388888888889
1 0.9168402777777778 0.09635416666666667 0.16631944444444435 0.09895833333333333
1 0.7802276234567902 0.3307291666666667 0.042489711934156245 0.1111111111111111
1 0.39257973251028805 0.7326388888888888 0.6560442386831276 0.4409722222222222
1 0.8498135288065843 0.8185763888888888 0.2735210905349794 0.3628472222222222