1 0.45247556584362136 0.15004501028806583 0.10459104938271618 0.29242541152263374
1 0.4781700102880658 0.10336291152263374 0.13342335390946503 0.2006301440329218
1 0.5169560185185185 0.06632587448559671 0.10335648148148142 0.12575874485596705
1 0.6807548868312758 0.2663130144032922 0.29553755144032934 0.524729938271605
1 0.9010416666666666 0.26275077160493826 0.19791666666666666 0.5136188271604938
1 0.8727430555555555 0.17051826131687242 0.18298611111111107 0.3294624485596708
1 0.8317644032921812 0.14591049382716048 0.14269547325102888 0.28055555555555556
1 0.7835905349794239 0.08739711934156379 0.10190329218106993 0.163940329218107
1 0.20948431069958848 0.2741062242798354 0.4189171810699588 0.5412680041152264
1 0.5885159465020576 0.7039737654320988 0.33253600823045265 0.36355452674897115
1 0.8401170267489712 0.6876093106995884 0.3184927983539095 0.34261831275720156
1 0.951536779835391 0.7544302983539094 0.09692644032921807 0.47817644032921813