1 0.744920267489712 0.3286651234567901 0.04647633744855975 0.4152520576131687
1 0.712184927983539 0.2950552983539094 0.11428755144032918 0.42964248971193414
1 0.6820087448559671 0.26750257201646094 0.14521604938271596 0.3864711934156379
1 0.6187692901234568 0.250610853909465 0.16261574074074087 0.39180812757201644
1 0.5371141975308641 0.25902777777777775 0.15709876543209866 0.35010288065843614
1 0.46783693415637867 0.2369727366255144 0.1412808641975308 0.32394547325102885
1 0.37376543209876545 0.2810699588477366 0.10919495884773668 0.21086676954732506
1 0.3018197016460905 0.2677147633744856 0.1483539094650206 0.3413580246913581
1 0.20295138888888886 0.2562950102880659 0.18706275720164608 0.41108539094650204
1 0.0703125 0.234375 0.140625 0.46875
1 0.021701388888888888 0.19530606995884772 0.043402777777777776 0.39061213991769544
1 0.10444958847736625 0.19539609053497942 0.14148662551440327 0.3517232510288066
1 0.1520897633744856 0.20893132716049384 0.09623199588477366 0.3357638888888889
1 0.2648726851851852 0.09959490740740741 0.08443930041152263 0.14992283950617286
1 0.38876671810699587 0.13079346707818928 0.09275977366255145 0.10137602880658436
1 0.9052340534979424 0.014358281893004116 0.18945473251028805 0.02871656378600823
1 0.7810699588477367 0.252880658436214 0.02861368312757209 0.11305298353909461
1 0.43295396090534977 0.7276556069958848 0.6399305555555554 0.3797196502057613
1 0.9004050925925926 0.782349537037037 0.1871527777777777 0.4232381687242797