1 0.06076388888888889 0.12152777777777778 0.12152777777777778 0.21875
1 0.3368055555555556 0.11197916666666667 0.3055555555555556 0.22395833333333334
1 0.16145833333333334 0.11805555555555555 0.2326388888888889 0.2204861111111111
1 0.7126736111111112 0.1032986111111111 0.05381944444444445 0.2065972222222222
1 0.7578125 0.08246527777777778 0.140625 0.16493055555555555
1 0.84375 0.078125 0.14930555555555555 0.15625
1 0.9253472222222222 0.09461805555555555 0.125 0.1892361111111111
1 0.9461805555555556 0.10503472222222222 0.08506944444444445 0.1909722222222222
1 0.3342013888888889 0.7204861111111112 0.6684027777777778 0.5590277777777778
1 0.9479166666666666 0.6710069444444444 0.10416666666666667 0.6302083333333334
1 0.8151041666666666 0.6276041666666666 0.2378472222222222 0.6875
1 0.8984375 0.484375 0.19618055555555555 0.4114583333333333
1 0.9340277777777778 0.4782986111111111 0.13194444444444445 0.3524305555555556
1 0.9748263888888888 0.4288194444444444 0.050347222222222224 0.2326388888888889