1 0.20225694444444445 0.1840277777777778 0.4036458333333333 0.3680555555555556
1 0.6944444444444444 0.08159722222222222 0.3697916666666667 0.16319444444444445
1 0.4114583333333333 0.8506944444444444 0.11979166666666667 0.14930555555555555
1 0.2994791666666667 0.8072916666666666 0.09895833333333333 0.13975694444444445
1 0.2743055555555556 0.9583333333333334 0.125 0.07899305555555555
1 0.12760416666666666 0.9348958333333334 0.11024305555555555 0.125
1 0.3376736111111111 0.6597222222222222 0.09895833333333333 0.11284722222222222
1 0.17708333333333334 0.8020833333333334 0.1032986111111111 0.15104166666666666
1 0.2439236111111111 0.6354166666666666 0.09375 0.12239583333333333
1 0.050347222222222224 0.8055555555555556 0.10069444444444445 0.15364583333333334
1 0.11458333333333333 0.7604166666666666 0.07465277777777778 0.09895833333333333
1 0.03125 0.6041666666666666 0.0625 0.09375