1 0.8627314814814815 0.2564043209876543 0.13665123456790124 0.16766975308641976
1 0.7369984567901233 0.2372427983539095 0.11399176954732503 0.15534979423868311
1 0.7741255144032922 0.38162294238683125 0.130684156378601 0.0652006172839506
1 0.6127507716049383 0.36914223251028805 0.11500771604938285 0.058140432098765515
1 0.7268840020576133 0.07917309670781893 0.11026234567901246 0.12060185185185185
1 0.6092013888888889 0.26233924897119343 0.11755401234567901 0.16752829218106996
1 0.6227237654320987 0.07753343621399177 0.10862911522633745 0.13447788065843622
1 0.4830889917695473 0.29439300411522634 0.11584362139917698 0.17098765432098764
1 0.5321694958847737 0.2313850308641975 0.08587962962962968 0.11000514403292182
1 0.38496656378600824 0.2980066872427984 0.13310185185185178 0.15722736625514402
1 0.3857124485596708 0.08011831275720166 0.09137088477366254 0.14823816872427983