1 0.25751028806584364 0.08282536008230452 0.2173611111111111 0.14381430041152263
1 0.16755401234567902 0.05978652263374486 0.10703446502057615 0.07795781893004114
1 0.10848765432098767 0.0615162037037037 0.19215534979423868 0.082690329218107
1 0.8677276234567901 0.3280285493827161 0.26197273662551424 0.46037808641975314
1 0.7201581790123457 0.20862911522633742 0.1529578189300413 0.24873971193415637
1 0.4330439814814815 0.1314429012345679 0.08769290123456781 0.17834362139917698
1 0.5051697530864198 0.1273019547325103 0.10135030864197524 0.16292438271604937
1 0.3976401748971193 0.05972222222222222 0.020511831275720108 0.0957690329218107
1 0.28739711934156376 0.8751993312757202 0.31622942386831276 0.24960133744855956
1 0.12273019547325102 0.9150977366255143 0.2299511316872428 0.1698045267489713
1 0.9185378086419753 0.7663773148148147 0.14718364197530873 0.44479166666666675
1 0.8801054526748971 0.7232638888888889 0.22409979423868323 0.36435185185185165
1 0.7971965020576133 0.693383487654321 0.2629501028806583 0.2920267489711933
1 0.6952289094650206 0.6606159979423869 0.2670524691358026 0.21745113168724275
1 0.5861496913580247 0.6390303497942387 0.2036779835390945 0.1574974279835391
1 0.5126478909465021 0.6188400205761317 0.18212448559670788 0.1085776748971195