1 0.3838670267489712 0.37955889917695473 0.16463477366255141 0.19565329218106994
1 0.5078382201646091 0.35877700617283953 0.14194958847736633 0.17986111111111114
1 0.5128150720164609 0.5619277263374486 0.16634516460905344 0.19219393004115226
1 0.6785043724279836 0.5483989197530863 0.15249485596707835 0.1972993827160493
1 0.48569958847736633 0.1824074074074074 0.13306327160493817 0.15201903292181068
1 0.6433706275720165 0.3754050925925926 0.14727366255144028 0.19552469135802467
1 0.5915573559670783 0.17711548353909465 0.13140432098765428 0.16242283950617287
1 0.7772440843621399 0.4024369855967078 0.14380144032921807 0.19549897119341558
1 0.7168917181069959 0.34036136831275715 0.10510545267489707 0.12750771604938274
1 0.8910493827160493 0.4154320987654321 0.17867798353909473 0.21658950617283956
1 0.9524434156378602 0.3985403806584362 0.09511316872427973 0.21426183127572015
1 0.9655478395061728 0.16860853909465023 0.06890432098765428 0.17759773662551442
1 0.8519097222222222 0.1703639403292181 0.1506301440329217 0.17992541152263375
1 0.11130401234567902 0.3784079218106996 0.22008744855967077 0.4165380658436214
1 0.253491512345679 0.35602494855967076 0.18155864197530866 0.371116255144033
1 0.36272505144032924 0.8058899176954734 0.3014789094650205 0.38822016460905334