1 0.9652777777777778 0.2647569444444444 0.06510416666666667 0.4036458333333333
1 0.90625 0.2960069444444444 0.13020833333333334 0.3411458333333333
1 0.8020833333333334 0.2690972222222222 0.08854166666666667 0.3940972222222222
1 0.6866319444444444 0.59375 0.12239583333333333 0.25
1 0.578125 0.5598958333333334 0.12760416666666666 0.18229166666666666
1 0.4739583333333333 0.578125 0.13975694444444445 0.21875
1 0.3541666666666667 0.7161458333333334 0.1657986111111111 0.4947916666666667
1 0.24739583333333334 0.5659722222222222 0.13020833333333334 0.19444444444444445
1 0.1467013888888889 0.5477430555555556 0.1345486111111111 0.15885416666666666
1 0.05555555555555555 0.5190972222222222 0.11024305555555555 0.10069444444444445
1 0.8741319444444444 0.8072916666666666 0.24739583333333334 0.3802083333333333