1 0.3446180555555556 0.33772505144032927 0.1423611111111111 0.1798739711934157
1 0.4652777777777778 0.3003729423868313 0.11979166666666667 0.16581790123456783
1 0.4921875 0.4989583333333333 0.1440972222222222 0.17467849794238688
1 0.6527777777777778 0.4630465534979424 0.1284722222222222 0.1815072016460905
1 0.4227430555555556 0.13141718106995884 0.11631944444444445 0.13975051440329217
1 0.5989583333333334 0.2993827160493827 0.1232638888888889 0.18146862139917688
1 0.5251736111111112 0.11329732510288065 0.1111111111111111 0.15012860082304527
1 0.7326388888888888 0.30707304526748974 0.12152777777777778 0.18145576131687235
1 0.6666666666666666 0.2554783950617284 0.08854166666666667 0.11697530864197524
1 0.8454861111111112 0.30536908436213994 0.1527777777777778 0.19904835390946504
1 0.9340277777777778 0.2769354423868313 0.13194444444444445 0.20410236625514402
1 0.9895833333333334 0.2496141975308642 0.020833333333333332 0.20501543209876547
1 0.9279513888888888 0.07038323045267489 0.1284722222222222 0.11900720164609052
1 0.7795138888888888 0.07842721193415639 0.13020833333333334 0.14853395061728394
1 0.08246527777777778 0.3761252572016461 0.16493055555555555 0.39358281893004116
1 0.2152777777777778 0.33260673868312757 0.13541666666666666 0.35516975308641974
1 0.3715277777777778 0.7880465534979424 0.2586805555555556 0.4203189300411524