1 0.9793402777777777 0.1640625 0.04059927983539069 0.2795138888888889
1 0.801832561728395 0.19270833333333334 0.152932098765432 0.24479166666666666
1 0.7303112139917695 0.15711805555555555 0.10398662551440314 0.2222222222222222
1 0.6565715020576132 0.2126736111111111 0.09795524691358024 0.16666666666666666
1 0.6244405864197531 0.21354166666666666 0.03136574074074064 0.125
1 0.9572273662551439 0.1918402777777778 0.08482510288065843 0.3350694444444444
1 0.9227237654320987 0.17708333333333334 0.15347222222222237 0.28125
1 0.3116319444444444 0.2838541666666667 0.6232638888888888 0.5677083333333334
1 0.932863940329218 0.7230902777777778 0.1081275720164609 0.2673611111111111
1 0.6946373456790123 0.6901041666666666 0.1892361111111111 0.234375
1 0.8322209362139917 0.7196180555555556 0.20205761316872442 0.2795138888888889
1 0.3408629115226337 0.7222222222222222 0.48959619341563787 0.3524305555555556