1 0.07316743827160493 0.267701903292181 0.1452031893004115 0.3847350823045268
1 0.21756687242798353 0.30743312757201646 0.35627572016460907 0.2873456790123456
1 0.37369470164609053 0.2897826646090535 0.32322530864197524 0.2784207818930041
1 0.7011059670781893 0.1943287037037037 0.40221193415637857 0.3886574074074074
1 0.8494727366255144 0.1803497942386831 0.27348251028806597 0.35964506172839505
1 0.5554848251028807 0.6894997427983538 0.14331275720164605 0.5982510288065844
1 0.5005465534979424 0.6560506687242799 0.22960390946502052 0.5294495884773662
1 0.4429848251028807 0.620016718106996 0.324562757201646 0.4589763374485598
1 0.3360661008230453 0.6008423353909466 0.2563014403292182 0.38382201646090525
1 0.2630079732510288 0.5822852366255145 0.23332047325102886 0.32809927983539094
1 0.18299254115226338 0.5620434670781892 0.2154963991769547 0.26547067901234556
1 0.11941229423868312 0.5338670267489712 0.17327674897119344 0.1905092592592593
1 0.07857510288065844 0.5289609053497942 0.15054012345679013 0.16777263374485607
1 0.8059542181069959 0.6554976851851851 0.3880915637860082 0.6417824074074073