1 0.7152777777777778 0.2909786522633745 0.1076388888888889 0.41131687242798354
1 0.6762152777777778 0.26435828189300414 0.1753472222222222 0.43662551440329217
1 0.6414930555555556 0.24214248971193417 0.19791666666666666 0.39876543209876547
1 0.5763888888888888 0.2377057613168724 0.2170138888888889 0.40772890946502055
1 0.4991319444444444 0.2573945473251029 0.2048611111111111 0.3658822016460905
1 0.4270833333333333 0.24851466049382717 0.1840277777777778 0.33779578189300413
1 0.3446180555555556 0.30805684156378604 0.1371527777777778 0.22425411522633748
1 0.2708333333333333 0.3060956790123457 0.19444444444444445 0.3570473251028807
1 0.17274305555555555 0.3115869341563786 0.24305555555555555 0.4306841563786008
1 0.07118055555555555 0.31268647119341564 0.1423611111111111 0.4864840534979424
1 0.016493055555555556 0.2823623971193416 0.03298611111111111 0.391113683127572
1 0.0798611111111111 0.2694122942386831 0.1597222222222222 0.36521347736625515
1 0.11458333333333333 0.27339891975308644 0.1440972222222222 0.3424125514403292
1 0.203125 0.14797453703703703 0.10416666666666667 0.15952932098765432
1 0.3307291666666667 0.15767746913580247 0.10590277777777778 0.1144161522633745
1 0.7352430555555556 0.21228137860082302 0.04513888888888889 0.11525205761316876
1 0.4904513888888889 0.731224279835391 0.6770833333333334 0.4735725308641974
1 0.9157986111111112 0.7175604423868313 0.1684027777777778 0.46603652263374484