1 0.05561342592592592 0.2261381172839506 0.08157150205761317 0.23149434156378598
1 0.46679526748971195 0.3775977366255144 0.19441872427983536 0.2323302469135802
1 0.5147247942386832 0.3520704732510288 0.09832818930041161 0.15002572016460902
1 0.9423675411522634 0.5077481995884773 0.11019804526748958 0.3462834362139918
1 0.8147762345679013 0.3897762345679012 0.12292952674897133 0.1901363168724279
1 0.7393840020576131 0.372974537037037 0.14215534979423852 0.20763888888888893
1 0.5612911522633746 0.510570987654321 0.07821502057613156 0.247093621399177
1 0.11161265432098766 0.7647826646090535 0.22322530864197532 0.3975180041152263
1 0.32482638888888893 0.7944251543209877 0.3415252057613169 0.4052854938271605
1 0.44798739711934155 0.8074009773662552 0.14342849794238688 0.3795138888888887
1 0.7923868312757202 0.8343621399176955 0.3600051440329217 0.3220936213991771