1 0.7287165637860082 0.1833590534979424 0.48701131687242794 0.3594907407407407
1 0.19960133744855968 0.11866640946502056 0.39920267489711936 0.20955504115226337
1 0.6116126543209877 0.8743698559670783 0.15235339506172846 0.17820216049382706
1 0.7231995884773662 0.8109567901234568 0.1296810699588477 0.1641460905349794
1 0.771682098765432 0.9458719135802469 0.13936471193415637 0.06526491769547328
1 0.9239583333333334 0.8975180041152263 0.13276748971193403 0.11208847736625513
1 0.6592078189300411 0.660300925925926 0.12427983539094652 0.13806584362139931
1 0.8527391975308642 0.7850051440329219 0.13672839506172826 0.17808641975308642
1 0.7549961419753086 0.6202096193415638 0.12087191358024699 0.14672067901234578
1 0.9579089506172838 0.767554012345679 0.07425411522633772 0.18109567901234572
1 0.9121656378600823 0.7316229423868312 0.09634773662551449 0.11702674897119339
1 0.9647183641975309 0.5514467592592592 0.06331018518518523 0.10983796296296294