1 0.2301633230452675 0.1050733024691358 0.2387088477366255 0.1788451646090535
1 0.1348829732510288 0.09259902263374485 0.11954732510288066 0.1024434156378601
1 0.08906249999999999 0.10110596707818931 0.17812499999999998 0.11376028806584361
1 0.8669881687242799 0.29351208847736626 0.2641718106995885 0.4916538065843622
1 0.7254050925925926 0.18452289094650207 0.18104423868312758 0.2699845679012346
1 0.4188593106995884 0.1387281378600823 0.10697016460905356 0.19077932098765432
1 0.4945601851851852 0.1254565329218107 0.12067901234567893 0.17883230452674898
1 0.37736625514403294 0.06904578189300412 0.029269547325102882 0.10110596707818928
1 0.33130787037037035 0.8933320473251027 0.34155092592592595 0.20814043209876548
1 0.16736754115226338 0.9460969650205762 0.23936471193415634 0.10595421810699593
1 0.9397569444444444 0.7124807098765432 0.10500257201646097 0.40945216049382716
1 0.8999678497942387 0.7035236625514403 0.1845807613168723 0.39153806584362155
1 0.8465213477366256 0.6791473765432099 0.29121656378600824 0.3254243827160494
1 0.7400848765432099 0.6581597222222223 0.2952932098765431 0.24911265432098753
1 0.6248006687242798 0.648585390946502 0.22487139917695487 0.18211162551440335
1 0.5468685699588478 0.6367219650205761 0.1980324074074073 0.127906378600823