1 0.9477687757201646 0.1371527777777778 0.07321244855967082 0.2743055555555556
1 0.76338091563786 0.1857638888888889 0.15460390946502064 0.2465277777777778
1 0.6889210390946503 0.1597222222222222 0.10581275720164622 0.2222222222222222
1 0.6224794238683127 0.2230902777777778 0.09845679012345679 0.16666666666666666
1 0.5911908436213991 0.2282986111111111 0.03217592592592587 0.125
1 0.9301954732510289 0.1657986111111111 0.11530349794238662 0.3315972222222222
1 0.8816550925925927 0.15625 0.15487397119341553 0.2829861111111111
1 0.3012152777777778 0.3116319444444444 0.6024305555555556 0.6232638888888888
1 0.9514724794238683 0.6918402777777778 0.08877314814814793 0.265625
1 0.7223315329218107 0.6883680555555556 0.19098508230452677 0.2361111111111111
1 0.8619920267489712 0.7013888888888888 0.2052083333333334 0.28125
1 0.37715406378600824 0.7638888888888888 0.49049639917695476 0.3576388888888889