1 0.270434670781893 0.49154449588477367 0.28267746913580244 0.21768261316872423
1 0.9295974794238683 0.34378858024691356 0.12795781893004113 0.20150462962962962
1 0.8619277263374485 0.34218750000000003 0.1371270576131687 0.234619341563786
1 0.7992862654320988 0.352662037037037 0.11805555555555555 0.2360725308641975
1 0.734985853909465 0.35795396090534987 0.1356738683127572 0.25369084362139915
1 0.664210390946502 0.3902456275720165 0.13523662551440335 0.22417695473251026
1 0.5928497942386831 0.40345293209876537 0.12305812757201649 0.22226080246913582
1 0.5224408436213992 0.4695859053497942 0.0920524691358025 0.12112911522633753
1 0.44550540123456783 0.4490290637860082 0.1209104938271604 0.19445730452674898
1 0.38938400205761314 0.3708847736625514 0.045511831275720165 0.14300411522633738
1 0.49351208847736633 0.37194573045267487 0.09355709876543214 0.1055298353909465
1 0.7034014917695474 0.7324717078189301 0.5787937242798353 0.5223508230452675