1 0.09027777777777778 0.13368055555555555 0.18055555555555555 0.2664930555555556
1 0.3784722222222222 0.13368055555555555 0.2717013888888889 0.2664930555555556
1 0.21961805555555555 0.13368055555555555 0.20399305555555555 0.2664930555555556
1 0.7213541666666666 0.15711805555555555 0.043402777777777776 0.21875
1 0.7630208333333334 0.11979166666666667 0.12239583333333333 0.21614583333333334
1 0.8411458333333334 0.11197916666666667 0.13020833333333334 0.22395833333333334
1 0.9157986111111112 0.14930555555555555 0.11024305555555555 0.21614583333333334
1 0.9470486111111112 0.1814236111111111 0.10069444444444445 0.17100694444444445
1 0.3255208333333333 0.7378472222222222 0.6510416666666666 0.5190972222222222
1 0.9383680555555556 0.6979166666666666 0.11805555555555555 0.5746527777777778
1 0.796875 0.6527777777777778 0.19444444444444445 0.6180555555555556
1 0.8758680555555556 0.5251736111111112 0.1657986111111111 0.3680555555555556
1 0.9184027777777778 0.5217013888888888 0.125 0.3177083333333333
1 0.9635416666666666 0.4774305555555556 0.06770833333333333 0.2092013888888889