1 0.3046682098765432 0.3518904320987654 0.10546553497942392 0.17611882716049385
1 0.20739454732510287 0.35955504115226344 0.16291152263374484 0.19737654320987652
1 0.10597993827160494 0.3403420781893004 0.16121399176954732 0.2025720164609053
1 0.03648405349794239 0.32784850823045264 0.07296810699588478 0.2019418724279836
1 0.06661522633744857 0.13318544238683128 0.13323045267489714 0.1468235596707819
1 0.21515560699588476 0.13207947530864197 0.1418338477366255 0.1642361111111111
1 0.8082818930041152 0.33276748971193415 0.3834362139917695 0.6655349794238683
1 0.31048096707818934 0.9733410493827159 0.20174897119341562 0.05010288065843622
1 0.35385159465020577 0.9773598251028807 0.12182355967078193 0.040830761316872355
1 0.8592914094650206 0.7080054012345679 0.27215792181069964 0.18082561728395063
1 0.5038644547325103 0.7635866769547326 0.18675411522633745 0.13505658436214002