1 0.9444444444444444 0.8342528292181071 0.0798611111111111 0.1689943415637861
1 0.04774305555555555 0.8432355967078189 0.0954861111111111 0.2437628600823045
1 0.1076388888888889 0.795068158436214 0.041666666666666664 0.18086419753086405
1 0.14930555555555555 0.7936406893004115 0.0642361111111111 0.17235082304526747
1 0.19010416666666666 0.7158179012345679 0.034722222222222224 0.050604423868312765
1 0.234375 0.7439236111111112 0.04513888888888889 0.048945473251028875
1 0.2855902777777778 0.8423932613168724 0.10590277777777778 0.16745113168724282
1 0.3619791666666667 0.832542438271605 0.03819444444444445 0.18778292181069942
1 0.4505208333333333 0.8375385802469135 0.13020833333333334 0.209297839506173
1 0.5251736111111112 0.818994341563786 0.059027777777777776 0.1809927983539094
1 0.5920138888888888 0.8168852880658436 0.07291666666666667 0.19845679012345682
1 0.6883680555555556 0.8410365226337448 0.0763888888888889 0.21063528806584367
1 0.7873263888888888 0.7974987139917695 0.0798611111111111 0.12211934156378608