1 0.9227430555555556 0.7550990226337448 0.1545138888888889 0.34489454732510283
1 0.8324652777777778 0.5478330761316873 0.11284722222222222 0.1709747942386832
1 0.7829861111111112 0.7202096193415638 0.18229166666666666 0.33989197530864185
1 0.7239583333333334 0.5392168209876543 0.03819444444444445 0.061046810699588505
1 0.11284722222222222 0.7161136831275721 0.14583333333333334 0.2632330246913581
1 0.19270833333333334 0.7062885802469135 0.09027777777777778 0.19511316872427997
1 0.3142361111111111 0.6967721193415638 0.109375 0.19178240740740746
1 0.4418402777777778 0.761085390946502 0.20833333333333334 0.37654320987654327
1 0.5277777777777778 0.6401941872427983 0.06597222222222222 0.12201646090534979
1 0.6484375 0.6341435185185185 0.078125 0.16724537037037024
1 0.6857638888888888 0.6083783436213992 0.078125 0.15682870370370378
1 0.5998263888888888 0.6902070473251029 0.1684027777777778 0.25992798353909463