1 0.10813400205761317 0.7965663580246913 0.08227880658436214 0.16437757201646105
1 0.9607574588477364 0.8101658950617284 0.07848508230452704 0.23568672839506158
1 0.9121527777777777 0.7633487654320987 0.0459747942386832 0.17425411522633757
1 0.8722222222222222 0.7627572016460905 0.06670524691358024 0.16761831275720163
1 0.8303176440329217 0.6875 0.0354423868312757 0.04912551440329219
1 0.7881815843621399 0.7137795781893004 0.04407150205761311 0.04578189300411514
1 0.7427083333333333 0.8077031893004114 0.10829475308641968 0.16302726337448567
1 0.6687950102880659 0.7979295267489712 0.042579732510288 0.17941100823045275
1 0.5838155864197531 0.8027456275720165 0.13145576131687242 0.20329218106995878
1 0.5115097736625516 0.7843171296296296 0.06336162551440339 0.176247427983539
1 0.44724794238683135 0.7816293724279836 0.07574588477366244 0.19205246913580254
1 0.3555941358024691 0.8045717592592592 0.07939814814814818 0.20425668724279847
1 0.2577674897119342 0.7623328189300411 0.07987397119341565 0.11921296296296309