1 0.9114583333333334 0.8018904320987654 0.17708333333333334 0.34158950617283934
1 0.8142361111111112 0.5815522119341564 0.1076388888888889 0.17614454732510273
1 0.7456597222222222 0.7589956275720164 0.16666666666666666 0.3536651234567903
1 0.6996527777777778 0.5624742798353909 0.036458333333333336 0.06277006172839508
1 0.05295138888888889 0.6904963991769547 0.09895833333333333 0.26983024691358026
1 0.12065972222222222 0.6892618312757202 0.0798611111111111 0.2037165637860083
1 0.25 0.6902199074074074 0.10069444444444445 0.1986625514403292
1 0.3802083333333333 0.7701774691358025 0.1909722222222222 0.3903034979423868
1 0.4835069444444444 0.6502829218106996 0.059027777777777776 0.12543724279835386
1 0.6111111111111112 0.6555684156378602 0.06944444444444445 0.17586162551440332
1 0.6519097222222222 0.631565072016461 0.06944444444444445 0.16544495884773663
1 0.5538194444444444 0.7098315329218107 0.1579861111111111 0.2667952674897119