1 0.07465277777777778 0.7144097222222222 0.10590277777777778 0.17708333333333334
1 0.9175347222222222 0.8784722222222222 0.08506944444444445 0.24305555555555555
1 0.8940972222222222 0.8255208333333334 0.07118055555555555 0.18229166666666666
1 0.8532986111111112 0.8177083333333334 0.0920138888888889 0.17708333333333334
1 0.8272569444444444 0.734375 0.043402777777777776 0.05555555555555555
1 0.7786458333333334 0.7534722222222222 0.050347222222222224 0.05381944444444445
1 0.7126736111111112 0.8402777777777778 0.13194444444444445 0.18055555555555555
1 0.640625 0.8177083333333334 0.06944444444444445 0.1875
1 0.5538194444444444 0.8064236111111112 0.16145833333333334 0.22395833333333334
1 0.4835069444444444 0.7743055555555556 0.08854166666666667 0.1857638888888889
1 0.4192708333333333 0.7604166666666666 0.10416666666666667 0.2048611111111111
1 0.3220486111111111 0.7673611111111112 0.109375 0.2170138888888889
1 0.2326388888888889 0.7065972222222222 0.09895833333333333 0.13194444444444445