1 0.2743184156378601 0.3498263888888889 0.13541666666666666 0.234375
1 0.6470550411522633 0.4210069444444444 0.0981481481481481 0.125
1 0.7202996399176954 0.4939236111111111 0.1457175925925927 0.21875
1 0.0050411522633744855 0.6397569444444444 0.010082304526748971 0.2517361111111111
1 0.05632716049382716 0.6527777777777778 0.11265432098765432 0.3159722222222222
1 0.15866126543209877 0.6119791666666666 0.17560442386831276 0.2690972222222222
1 0.2643775720164609 0.6371527777777778 0.15826903292181072 0.2725694444444444
1 0.5237525720164609 0.4262152777777778 0.08078703703703699 0.125
1 0.41730324074074077 0.3828125 0.13329475308641964 0.18229166666666666
1 0.5440329218106996 0.5008680555555556 0.08076131687242791 0.12152777777777778
1 0.45139531893004115 0.5850694444444444 0.17924382716049378 0.2916666666666667
1 0.5775720164609053 0.6605902777777778 0.17227366255144044 0.2881944444444444
1 0.6423482510288065 0.7048611111111112 0.07471707818930046 0.24305555555555555
1 0.7216949588477366 0.6571180555555556 0.16693672839506174 0.2708333333333333
1 0.8274112654320986 0.6822916666666666 0.1806841563786009 0.2517361111111111
1 0.9339570473251029 0.7126736111111112 0.10964506172839508 0.2708333333333333
1 0.33332690329218106 0.4696180555555556 0.1265946502057613 0.2152777777777778