1 0.35134387860082306 0.324633487654321 0.14230967078189297 0.22847222222222227
1 0.7035879629629629 0.4192515432098765 0.09987139917695487 0.1239969135802469
1 0.7675090020576132 0.4943737139917695 0.1508873456790122 0.21464763374485607
1 0.04764660493827161 0.5732381687242799 0.08868312757201646 0.25411522633744865
1 0.10162037037037036 0.5944701646090534 0.17935956790123456 0.30860339506172846
1 0.22900591563786005 0.5659014917695474 0.18249742798353907 0.26349022633744845
1 0.32818287037037036 0.5961484053497943 0.1668852880658436 0.2651105967078189
1 0.5855131172839507 0.41577289094650205 0.08424639917695487 0.12388117283950627
1 0.48706275720164605 0.3664351851851852 0.1384773662551441 0.17983539094650208
1 0.600803755144033 0.4879308127572016 0.08247170781892994 0.1186599794238682
1 0.5084619341563786 0.5601594650205761 0.18613683127572006 0.286085390946502
1 0.6245177469135803 0.6426118827160494 0.1791538065843622 0.28082561728395067
1 0.6838798868312757 0.6881880144032922 0.08679269547325102 0.23326903292181062
1 0.7617155349794239 0.6497042181069959 0.17382973251028805 0.26516203703703706
1 0.8617734053497943 0.6816936728395062 0.18586676954732517 0.2496270576131686
1 0.9488297325102882 0.7161908436213991 0.09737654320987667 0.25591563786008226
1 0.40169110082304527 0.44218749999999996 0.13350051440329214 0.21104681069958847