1 0.8958333333333334 0.8269483024691358 0.14930555555555555 0.3309670781893005
1 0.8168402777777778 0.603272890946502 0.09027777777777778 0.16212705761316887
1 0.7413194444444444 0.7667759773662551 0.13368055555555555 0.3273791152263372
1 0.7109375 0.5790509259259259 0.03125 0.05752314814814833
1 0.0763888888888889 0.6568158436213992 0.109375 0.2542824074074075
1 0.15711805555555555 0.6600180041152264 0.0625 0.18969907407407405
1 0.2795138888888889 0.6696051954732511 0.08333333333333333 0.18290895061728404
1 0.3967013888888889 0.7529385288065843 0.15625 0.36053240740740733
1 0.5008680555555556 0.6469393004115227 0.04861111111111111 0.11667952674897109
1 0.6206597222222222 0.6599794238683128 0.05381944444444445 0.1635931069958847
1 0.6623263888888888 0.6411908436213992 0.05555555555555555 0.15318930041152257
1 0.5633680555555556 0.7081661522633744 0.13368055555555555 0.24578189300411524