1 0.1797389403292181 0.8259709362139918 0.09850823045267493 0.1743312757201648
1 0.9953510802469135 0.7322273662551441 0.009297839506172936 0.23968621399176962
1 0.9779320987654321 0.6872170781893003 0.044135802469135794 0.1809156378600822
1 0.9478909465020576 0.6926697530864198 0.08288323045267514 0.17421553497942377
1 0.8970100308641974 0.62099408436214 0.04032921810699561 0.0541152263374486
1 0.8590599279835391 0.6542631172839506 0.048984053497942485 0.05070730452674906
1 0.8207433127572017 0.755246913580247 0.1245498971193414 0.17452417695473266
1 0.7460841049382716 0.754931841563786 0.06040380658436225 0.18620113168724275
1 0.66025591563786 0.7703253600823046 0.1526491769547324 0.2181327160493826
1 0.5855324074074074 0.761329732510288 0.0812114197530865 0.18288323045267496
1 0.5204603909465021 0.7661522633744856 0.0952417695473251 0.20208333333333328
1 0.4295717592592593 0.8015496399176956 0.10052726337448566 0.21253858024691358
1 0.3277777777777778 0.7710519547325103 0.0929526748971193 0.127417695473251