1 0.8690972222222223 0.8466499485596708 0.1620370370370369 0.30670010288065835
1 0.8136638374485597 0.631860853909465 0.0966949588477368 0.1639017489711934
1 0.721926440329218 0.7856867283950617 0.14826388888888906 0.32920524691358033
1 0.710108024691358 0.5963734567901234 0.03341049382716063 0.05753600823045267
1 0.07220936213991769 0.6081404320987654 0.11994598765432099 0.25608281893004103
1 0.1530156893004115 0.6191550925925926 0.07085905349794243 0.19148662551440332
1 0.2729681069958848 0.6417438271604938 0.0899048353909465 0.18468364197530857
1 0.38130787037037034 0.7371592078189301 0.16935442386831273 0.36408179012345676
1 0.49518389917695477 0.6425218621399177 0.05295781893004106 0.11844135802469127
1 0.612551440329218 0.6676954732510288 0.060236625514403466 0.1636316872427983
1 0.6558449074074074 0.6532600308641975 0.061895576131687356 0.15322788065843618
1 0.5520961934156379 0.7089120370370371 0.14245113168724288 0.2475694444444443