1 0.13975694444444445 0.7508680555555556 0.0720486111111111 0.1519097222222222
1 0.953125 0.765625 0.09027777777777778 0.21875
1 0.8967013888888888 0.7213541666666666 0.03819444444444445 0.1623263888888889
1 0.859375 0.7196180555555556 0.058159722222222224 0.1545138888888889
1 0.8220486111111112 0.6493055555555556 0.03211805555555555 0.04513888888888889
1 0.7821180555555556 0.6744791666666666 0.03993055555555555 0.042534722222222224
1 0.7361111111111112 0.7630208333333334 0.09635416666666667 0.14930555555555555
1 0.6666666666666666 0.7534722222222222 0.033854166666666664 0.1684027777777778
1 0.5868055555555556 0.7569444444444444 0.11805555555555555 0.18663194444444445
1 0.5190972222222222 0.7395833333333334 0.05381944444444445 0.1623263888888889
1 0.4592013888888889 0.7369791666666666 0.06597222222222222 0.17881944444444445
1 0.3723958333333333 0.7586805555555556 0.06770833333333333 0.1892361111111111
1 0.2821180555555556 0.71875 0.0720486111111111 0.109375