1 0.29181455761316877 0.3294174382716049 0.11449331275720158 0.22305812757201643
1 0.6659593621399177 0.32490997942386834 0.08768004115226329 0.11869855967078191
1 0.7497427983539094 0.38070987654320987 0.12653034979423872 0.2075231481481481
1 0.039654063786008234 0.6680877057613169 0.07930812757201647 0.25060442386831266
1 0.11136831275720166 0.6675411522633745 0.14113940329218108 0.30484825102880664
1 0.2298932613168724 0.6032986111111112 0.15118312757201646 0.2545781893004116
1 0.3366319444444444 0.6068479938271605 0.13559670781893 0.25967078189300413
1 0.5468299897119342 0.3535686728395062 0.0703317901234569 0.12030606995884775
1 0.43675411522633745 0.33181584362139915 0.11759259259259262 0.17273662551440339
1 0.5810442386831275 0.42188786008230456 0.07028034979423875 0.1133616255144033
1 0.5065393518518518 0.5196566358024691 0.15308641975308646 0.2771604938271604
1 0.6433191872427984 0.5689879115226337 0.14612911522633748 0.27537294238683113
1 0.714281121399177 0.597974537037037 0.05383230452674898 0.23649691358024683
1 0.7824331275720164 0.5375771604938272 0.14252829218106988 0.25798611111111114
1 0.8900398662551441 0.5411201131687243 0.1597479423868313 0.2390174897119341
1 0.9759066358024692 0.5500321502057612 0.041859567901234525 0.2607124485596708
1 0.37177854938271604 0.4321180555555555 0.10742026748971195 0.20564557613168727