1 0.11371527777777778 0.8237847222222222 0.1362847222222222 0.3203125
1 0.1840277777777778 0.6015625 0.0842013888888889 0.15538194444444445
1 0.2647569444444444 0.7604166666666666 0.12239583333333333 0.3168402777777778
1 0.2881944444444444 0.5746527777777778 0.027777777777777776 0.0546875
1 0.9184027777777778 0.6345486111111112 0.0998263888888889 0.2456597222222222
1 0.8376736111111112 0.6388888888888888 0.05642361111111111 0.18489583333333334
1 0.7178819444444444 0.6519097222222222 0.0763888888888889 0.1779513888888889
1 0.6050347222222222 0.7378472222222222 0.1423611111111111 0.3498263888888889
1 0.4982638888888889 0.6362847222222222 0.044270833333333336 0.11284722222222222
1 0.3802083333333333 0.6519097222222222 0.04774305555555555 0.15885416666666666
1 0.3394097222222222 0.6345486111111112 0.050347222222222224 0.1484375
1 0.4383680555555556 0.6970486111111112 0.12413194444444445 0.2361111111111111