1 0.28922968106995883 0.37201003086419754 0.12314814814814816 0.2196502057613168
1 0.6458011831275721 0.3424575617283951 0.08940329218107006 0.11697530864197533
1 0.7294881687242798 0.3895833333333333 0.13344907407407408 0.20410236625514402
1 0.06864068930041152 0.7113361625514404 0.11118827160493829 0.2456018518518519
1 0.14499099794238682 0.7055619855967079 0.15322788065843623 0.2962577160493826
1 0.25298996913580246 0.636181841563786 0.16157407407407406 0.25118312757201644
1 0.355394804526749 0.6319508744855967 0.14423868312757204 0.2545267489711935
1 0.5358088991769547 0.3771283436213992 0.07379115226337439 0.11859567901234572
1 0.4280671296296296 0.36403677983539096 0.12452417695473253 0.17105195473251034
1 0.5727366255144033 0.44022633744855966 0.07375257201646097 0.11338734567901237
1 0.5101015946502057 0.5396540637860082 0.16347736625514406 0.2737654320987654
1 0.6440586419753086 0.5759902263374487 0.15650720164609055 0.27024176954732504
1 0.7136766975308642 0.5989133230452675 0.06592078189300407 0.22790637860082302
1 0.7731159979423867 0.5368377057613168 0.15290637860082315 0.2528549382716048
1 0.8755272633744856 0.5334747942386832 0.16666666666666666 0.23559670781893002
1 0.9650784465020578 0.5345293209876543 0.0698431069958845 0.2540123456790124
1 0.3741190843621399 0.46426826131687243 0.11607510288065843 0.20223765432098773