1 0.6927083333333334 0.3611111111111111 0.09375 0.1996527777777778
1 0.3489583333333333 0.3776041666666667 0.07378472222222222 0.10416666666666667
1 0.2751736111111111 0.4331597222222222 0.10590277777777778 0.1840277777777778
1 0.953125 0.6571180555555556 0.09027777777777778 0.2265625
1 0.8732638888888888 0.6614583333333334 0.11371527777777778 0.2717013888888889
1 0.7612847222222222 0.609375 0.12586805555555555 0.2265625
1 0.6631944444444444 0.6171875 0.11024305555555555 0.23177083333333334
1 0.4592013888888889 0.3975694444444444 0.058159722222222224 0.10677083333333333
1 0.5598958333333334 0.3723958333333333 0.0998263888888889 0.1519097222222222
1 0.4314236111111111 0.4609375 0.058159722222222224 0.1015625
1 0.5026041666666666 0.5477430555555556 0.12586805555555555 0.2482638888888889
1 0.3802083333333333 0.5998263888888888 0.11979166666666667 0.2456597222222222
1 0.3159722222222222 0.6310763888888888 0.035590277777777776 0.21614583333333334
1 0.2508680555555556 0.5789930555555556 0.11805555555555555 0.22916666666666666
1 0.1527777777777778 0.5876736111111112 0.13368055555555555 0.2109375
1 0.043402777777777776 0.6015625 0.0859375 0.23697916666666666
1 0.6241319444444444 0.4600694444444444 0.0876736111111111 0.1840277777777778